0 1 0 9 4 9 
0 1 4 9 4 1 
0 3 4 3 0 7 
0 3 8 3 0 11 
0 5 0 9 8 9 
0 5 8 9 8 5 
0 7 0 3 4 3 
0 7 4 3 4 7 
0 9 4 9 0 1 
0 9 8 9 0 5 
0 11 0 3 8 3 
0 11 8 3 8 11 
1 0 1 4 9 4 
1 0 9 4 9 0 
1 2 1 10 5 10 
1 2 5 10 5 2 
1 4 5 4 1 8 
1 4 9 4 1 0 
1 6 1 10 9 10 
1 6 9 10 9 6 
1 8 1 4 5 4 
1 8 5 4 5 8 
1 10 5 10 1 2 
1 10 9 10 1 6 
2 1 2 5 10 5 
2 1 10 5 10 1 
2 3 2 11 6 11 
2 3 6 11 6 3 
2 5 6 5 2 9 
2 5 10 5 2 1 
2 7 2 11 10 11 
2 7 10 11 10 7 
2 9 2 5 6 5 
2 9 6 5 6 9 
2 11 6 11 2 3 
2 11 10 11 2 7 
3 0 7 0 3 4 
3 0 11 0 3 8 
3 2 3 6 11 6 
3 2 11 6 11 2 
3 4 3 0 7 0 
3 4 7 0 7 4 
3 6 7 6 3 10 
3 6 11 6 3 2 
3 8 3 0 11 0 
3 8 11 0 11 8 
3 10 3 6 7 6 
3 10 7 6 7 10 
4 1 0 1 4 9 
4 1 8 1 4 5 
4 3 0 7 0 3 
4 3 4 7 0 7 
4 5 4 1 8 1 
4 5 8 1 8 5 
4 7 0 7 4 3 
4 7 8 7 4 11 
4 9 0 1 0 9 
4 9 4 1 0 1 
4 11 4 7 8 7 
4 11 8 7 8 11 
5 0 5 8 9 8 
5 0 9 8 9 0 
5 2 1 2 5 10 
5 2 9 2 5 6 
5 4 1 8 1 4 
5 4 5 8 1 8 
5 6 5 2 9 2 
5 6 9 2 9 6 
5 8 1 8 5 4 
5 8 9 8 5 0 
5 10 1 2 1 10 
5 10 5 2 1 2 
6 1 6 9 10 9 
6 1 10 9 10 1 
6 3 2 3 6 11 
6 3 10 3 6 7 
6 5 2 9 2 5 
6 5 6 9 2 9 
6 7 6 3 10 3 
6 7 10 3 10 7 
6 9 2 9 6 5 
6 9 10 9 6 1 
6 11 2 3 2 11 
6 11 6 3 2 3 
7 0 3 4 3 0 
7 0 7 4 3 4 
7 2 7 10 11 10 
7 2 11 10 11 2 
7 4 3 4 7 0 
7 4 11 4 7 8 
7 6 3 10 3 6 
7 6 7 10 3 10 
7 8 7 4 11 4 
7 8 11 4 11 8 
7 10 3 10 7 6 
7 10 11 10 7 2 
8 1 4 5 4 1 
8 1 8 5 4 5 
8 3 0 11 0 3 
8 3 8 11 0 11 
8 5 0 5 8 9 
8 5 4 5 8 1 
8 7 4 11 4 7 
8 7 8 11 4 11 
8 9 0 5 0 9 
8 9 8 5 0 5 
8 11 0 11 8 3 
8 11 4 11 8 7 
9 0 1 0 9 4 
9 0 5 0 9 8 
9 2 5 6 5 2 
9 2 9 6 5 6 
9 4 1 0 1 4 
9 4 9 0 1 0 
9 6 1 6 9 10 
9 6 5 6 9 2 
9 8 5 0 5 8 
9 8 9 0 5 0 
9 10 1 6 1 10 
9 10 9 6 1 6 
10 1 2 1 10 5 
10 1 6 1 10 9 
10 3 6 7 6 3 
10 3 10 7 6 7 
10 5 2 1 2 5 
10 5 10 1 2 1 
10 7 2 7 10 11 
10 7 6 7 10 3 
10 9 6 1 6 9 
10 9 10 1 6 1 
10 11 2 7 2 11 
10 11 10 7 2 7 
11 0 3 8 3 0 
11 0 11 8 3 8 
11 2 3 2 11 6 
11 2 7 2 11 10 
11 4 7 8 7 4 
11 4 11 8 7 8 
11 6 3 2 3 6 
11 6 11 2 3 2 
11 8 3 8 11 0 
11 8 7 8 11 4 
11 10 7 2 7 10 
11 10 11 2 7 2 
