0 0 4 
0 0 8 
0 4 0 
0 4 4 
0 8 0 
0 8 8 
1 1 5 
1 1 9 
1 5 1 
1 5 5 
1 9 1 
1 9 9 
2 2 6 
2 2 10 
2 6 2 
2 6 6 
2 10 2 
2 10 10 
3 3 7 
3 3 11 
3 7 3 
3 7 7 
3 11 3 
3 11 11 
4 0 0 
4 0 4 
4 4 0 
4 4 8 
4 8 4 
4 8 8 
5 1 1 
5 1 5 
5 5 1 
5 5 9 
5 9 5 
5 9 9 
6 2 2 
6 2 6 
6 6 2 
6 6 10 
6 10 6 
6 10 10 
7 3 3 
7 3 7 
7 7 3 
7 7 11 
7 11 7 
7 11 11 
8 0 0 
8 0 8 
8 4 4 
8 4 8 
8 8 0 
8 8 4 
9 1 1 
9 1 9 
9 5 5 
9 5 9 
9 9 1 
9 9 5 
10 2 2 
10 2 10 
10 6 6 
10 6 10 
10 10 2 
10 10 6 
11 3 3 
11 3 11 
11 7 7 
11 7 11 
11 11 3 
11 11 7 
