0 0 2 6 12 6 2 
0 0 4 12 10 12 4 
0 0 6 4 8 4 6 
0 0 8 10 6 10 8 
0 0 10 2 4 2 10 
0 0 12 8 2 8 12 
0 2 0 8 12 12 8 
0 2 2 0 10 4 10 
0 2 6 12 6 2 0 
0 2 8 4 4 8 2 
0 2 10 10 2 0 4 
0 2 12 2 0 6 6 
0 4 0 2 10 10 2 
0 4 2 8 8 2 4 
0 4 4 0 6 8 6 
0 4 6 6 4 0 8 
0 4 10 4 0 12 12 
0 4 12 10 12 4 0 
0 6 0 10 8 8 10 
0 6 2 2 6 0 12 
0 6 4 8 4 6 0 
0 6 6 0 2 12 2 
0 6 8 6 0 4 4 
0 6 10 12 12 10 6 
0 8 0 4 6 6 4 
0 8 4 2 2 4 8 
0 8 6 8 0 10 10 
0 8 8 0 12 2 12 
0 8 10 6 10 8 0 
0 8 12 12 8 0 2 
0 10 0 12 4 4 12 
0 10 2 4 2 10 0 
0 10 4 10 0 2 2 
0 10 8 8 10 0 6 
0 10 10 0 8 6 8 
0 10 12 6 6 12 10 
0 12 0 6 2 2 6 
0 12 2 12 0 8 8 
0 12 4 4 12 0 10 
0 12 6 10 10 6 12 
0 12 8 2 8 12 0 
0 12 12 0 4 10 4 
1 1 3 7 13 7 3 
1 1 5 13 11 13 5 
1 1 7 5 9 5 7 
1 1 9 11 7 11 9 
1 1 11 3 5 3 11 
1 1 13 9 3 9 13 
1 3 1 9 13 13 9 
1 3 3 1 11 5 11 
1 3 7 13 7 3 1 
1 3 9 5 5 9 3 
1 3 11 11 3 1 5 
1 3 13 3 1 7 7 
1 5 1 3 11 11 3 
1 5 3 9 9 3 5 
1 5 5 1 7 9 7 
1 5 7 7 5 1 9 
1 5 11 5 1 13 13 
1 5 13 11 13 5 1 
1 7 1 11 9 9 11 
1 7 3 3 7 1 13 
1 7 5 9 5 7 1 
1 7 7 1 3 13 3 
1 7 9 7 1 5 5 
1 7 11 13 13 11 7 
1 9 1 5 7 7 5 
1 9 5 3 3 5 9 
1 9 7 9 1 11 11 
1 9 9 1 13 3 13 
1 9 11 7 11 9 1 
1 9 13 13 9 1 3 
1 11 1 13 5 5 13 
1 11 3 5 3 11 1 
1 11 5 11 1 3 3 
1 11 9 9 11 1 7 
1 11 11 1 9 7 9 
1 11 13 7 7 13 11 
1 13 1 7 3 3 7 
1 13 3 13 1 9 9 
1 13 5 5 13 1 11 
1 13 7 11 11 7 13 
1 13 9 3 9 13 1 
1 13 13 1 5 11 5 
2 0 0 2 6 12 6 
2 0 2 8 4 4 8 
2 0 4 0 2 10 10 
2 0 6 6 0 2 12 
2 0 8 12 12 8 0 
2 0 10 4 10 0 2 
2 2 0 10 4 10 0 
2 2 4 8 0 8 4 
2 2 6 0 12 0 6 
2 2 8 6 10 6 8 
2 2 10 12 8 12 10 
2 2 12 4 6 4 12 
2 4 0 4 2 8 8 
2 4 2 10 0 0 10 
2 4 4 2 12 6 12 
2 4 8 0 8 4 2 
2 4 10 6 6 10 4 
2 4 12 12 4 2 6 
2 6 0 12 0 6 2 
2 6 2 4 12 12 4 
2 6 4 10 10 4 6 
2 6 6 2 8 10 8 
2 6 8 8 6 2 10 
2 6 12 6 2 0 0 
2 8 2 12 10 10 12 
2 8 4 4 8 2 0 
2 8 6 10 6 8 2 
2 8 8 2 4 0 4 
2 8 10 8 2 6 6 
2 8 12 0 0 12 8 
2 10 0 0 10 2 4 
2 10 2 6 8 8 6 
2 10 6 4 4 6 10 
2 10 8 10 2 12 12 
2 10 10 2 0 4 0 
2 10 12 8 12 10 2 
2 12 0 8 8 0 12 
2 12 2 0 6 6 0 
2 12 4 6 4 12 2 
2 12 6 12 2 4 4 
2 12 10 10 12 2 8 
2 12 12 2 10 8 10 
3 1 1 3 7 13 7 
3 1 3 9 5 5 9 
3 1 5 1 3 11 11 
3 1 7 7 1 3 13 
3 1 9 13 13 9 1 
3 1 11 5 11 1 3 
3 3 1 11 5 11 1 
3 3 5 9 1 9 5 
3 3 7 1 13 1 7 
3 3 9 7 11 7 9 
3 3 11 13 9 13 11 
3 3 13 5 7 5 13 
3 5 1 5 3 9 9 
3 5 3 11 1 1 11 
3 5 5 3 13 7 13 
3 5 9 1 9 5 3 
3 5 11 7 7 11 5 
3 5 13 13 5 3 7 
3 7 1 13 1 7 3 
3 7 3 5 13 13 5 
3 7 5 11 11 5 7 
3 7 7 3 9 11 9 
3 7 9 9 7 3 11 
3 7 13 7 3 1 1 
3 9 3 13 11 11 13 
3 9 5 5 9 3 1 
3 9 7 11 7 9 3 
3 9 9 3 5 1 5 
3 9 11 9 3 7 7 
3 9 13 1 1 13 9 
3 11 1 1 11 3 5 
3 11 3 7 9 9 7 
3 11 7 5 5 7 11 
3 11 9 11 3 13 13 
3 11 11 3 1 5 1 
3 11 13 9 13 11 3 
3 13 1 9 9 1 13 
3 13 3 1 7 7 1 
3 13 5 7 5 13 3 
3 13 7 13 3 5 5 
3 13 11 11 13 3 9 
3 13 13 3 11 9 11 
4 0 0 4 12 10 12 
4 0 2 10 10 2 0 
4 0 4 2 8 8 2 
4 0 6 8 6 0 4 
4 0 8 0 4 6 6 
4 0 12 12 0 4 10 
4 2 2 4 8 0 8 
4 2 4 10 6 6 10 
4 2 6 2 4 12 12 
4 2 8 8 2 4 0 
4 2 10 0 0 10 2 
4 2 12 6 12 2 4 
4 4 0 6 8 6 0 
4 4 2 12 6 12 2 
4 4 6 10 2 10 6 
4 4 8 2 0 2 8 
4 4 10 8 12 8 10 
4 4 12 0 10 0 12 
4 6 0 0 6 4 8 
4 6 2 6 4 10 10 
4 6 4 12 2 2 12 
4 6 6 4 0 8 0 
4 6 10 2 10 6 4 
4 6 12 8 8 12 6 
4 8 0 8 4 2 2 
4 8 2 0 2 8 4 
4 8 4 6 0 0 6 
4 8 6 12 12 6 8 
4 8 8 4 10 12 10 
4 8 10 10 8 4 12 
4 10 0 2 2 0 10 
4 10 4 0 12 12 0 
4 10 6 6 10 4 2 
4 10 8 12 8 10 4 
4 10 10 4 6 2 6 
4 10 12 10 4 8 8 
4 12 0 10 0 12 4 
4 12 2 2 12 4 6 
4 12 4 8 10 10 8 
4 12 8 6 6 8 12 
4 12 10 12 4 0 0 
4 12 12 4 2 6 2 
5 1 1 5 13 11 13 
5 1 3 11 11 3 1 
5 1 5 3 9 9 3 
5 1 7 9 7 1 5 
5 1 9 1 5 7 7 
5 1 13 13 1 5 11 
5 3 3 5 9 1 9 
5 3 5 11 7 7 11 
5 3 7 3 5 13 13 
5 3 9 9 3 5 1 
5 3 11 1 1 11 3 
5 3 13 7 13 3 5 
5 5 1 7 9 7 1 
5 5 3 13 7 13 3 
5 5 7 11 3 11 7 
5 5 9 3 1 3 9 
5 5 11 9 13 9 11 
5 5 13 1 11 1 13 
5 7 1 1 7 5 9 
5 7 3 7 5 11 11 
5 7 5 13 3 3 13 
5 7 7 5 1 9 1 
5 7 11 3 11 7 5 
5 7 13 9 9 13 7 
5 9 1 9 5 3 3 
5 9 3 1 3 9 5 
5 9 5 7 1 1 7 
5 9 7 13 13 7 9 
5 9 9 5 11 13 11 
5 9 11 11 9 5 13 
5 11 1 3 3 1 11 
5 11 5 1 13 13 1 
5 11 7 7 11 5 3 
5 11 9 13 9 11 5 
5 11 11 5 7 3 7 
5 11 13 11 5 9 9 
5 13 1 11 1 13 5 
5 13 3 3 13 5 7 
5 13 5 9 11 11 9 
5 13 9 7 7 9 13 
5 13 11 13 5 1 1 
5 13 13 5 3 7 3 
6 0 0 6 4 8 4 
6 0 2 12 2 0 6 
6 0 4 4 0 6 8 
6 0 6 10 12 12 10 
6 0 10 8 8 10 0 
6 0 12 0 6 2 2 
6 2 0 0 2 6 12 
6 2 2 6 0 12 0 
6 2 4 12 12 4 2 
6 2 6 4 10 10 4 
6 2 8 10 8 2 6 
6 2 10 2 6 8 8 
6 4 0 8 0 4 6 
6 4 4 6 10 2 10 
6 4 6 12 8 8 12 
6 4 8 4 6 0 0 
6 4 10 10 4 6 2 
6 4 12 2 2 12 4 
6 6 0 2 12 2 0 
6 6 2 8 10 8 2 
6 6 4 0 8 0 4 
6 6 8 12 4 12 8 
6 6 10 4 2 4 10 
6 6 12 10 0 10 12 
6 8 0 10 10 0 8 
6 8 2 2 8 6 10 
6 8 4 8 6 12 12 
6 8 6 0 4 4 0 
6 8 8 6 2 10 2 
6 8 12 4 12 8 6 
6 10 2 10 6 4 4 
6 10 4 2 4 10 6 
6 10 6 8 2 2 8 
6 10 8 0 0 8 10 
6 10 10 6 12 0 12 
6 10 12 12 10 6 0 
6 12 0 12 6 10 10 
6 12 2 4 4 2 12 
6 12 6 2 0 0 2 
6 12 8 8 12 6 4 
6 12 10 0 10 12 6 
6 12 12 6 8 4 8 
7 1 1 7 5 9 5 
7 1 3 13 3 1 7 
7 1 5 5 1 7 9 
7 1 7 11 13 13 11 
7 1 11 9 9 11 1 
7 1 13 1 7 3 3 
7 3 1 1 3 7 13 
7 3 3 7 1 13 1 
7 3 5 13 13 5 3 
7 3 7 5 11 11 5 
7 3 9 11 9 3 7 
7 3 11 3 7 9 9 
7 5 1 9 1 5 7 
7 5 5 7 11 3 11 
7 5 7 13 9 9 13 
7 5 9 5 7 1 1 
7 5 11 11 5 7 3 
7 5 13 3 3 13 5 
7 7 1 3 13 3 1 
7 7 3 9 11 9 3 
7 7 5 1 9 1 5 
7 7 9 13 5 13 9 
7 7 11 5 3 5 11 
7 7 13 11 1 11 13 
7 9 1 11 11 1 9 
7 9 3 3 9 7 11 
7 9 5 9 7 13 13 
7 9 7 1 5 5 1 
7 9 9 7 3 11 3 
7 9 13 5 13 9 7 
7 11 3 11 7 5 5 
7 11 5 3 5 11 7 
7 11 7 9 3 3 9 
7 11 9 1 1 9 11 
7 11 11 7 13 1 13 
7 11 13 13 11 7 1 
7 13 1 13 7 11 11 
7 13 3 5 5 3 13 
7 13 7 3 1 1 3 
7 13 9 9 13 7 5 
7 13 11 1 11 13 7 
7 13 13 7 9 5 9 
8 0 0 8 10 6 10 
8 0 2 0 8 12 12 
8 0 4 6 6 4 0 
8 0 8 4 2 2 4 
8 0 10 10 0 8 6 
8 0 12 2 12 0 8 
8 2 0 2 8 4 4 
8 2 2 8 6 10 6 
8 2 4 0 4 2 8 
8 2 6 6 2 8 10 
8 2 8 12 0 0 12 
8 2 12 10 10 12 2 
8 4 2 2 4 8 0 
8 4 4 8 2 0 2 
8 4 6 0 0 6 4 
8 4 8 6 12 12 6 
8 4 10 12 10 4 8 
8 4 12 4 8 10 10 
8 6 0 4 4 0 6 
8 6 2 10 2 6 8 
8 6 6 8 12 4 12 
8 6 8 0 10 10 0 
8 6 10 6 8 2 2 
8 6 12 12 6 8 4 
8 8 0 12 2 12 0 
8 8 2 4 0 4 2 
8 8 4 10 12 10 4 
8 8 6 2 10 2 6 
8 8 10 0 6 0 10 
8 8 12 6 4 6 12 
8 10 0 6 0 10 8 
8 10 2 12 12 2 10 
8 10 4 4 10 8 12 
8 10 6 10 8 0 0 
8 10 8 2 6 6 2 
8 10 10 8 4 12 4 
8 12 0 0 12 8 2 
8 12 4 12 8 6 6 
8 12 6 4 6 12 8 
8 12 8 10 4 4 10 
8 12 10 2 2 10 12 
8 12 12 8 0 2 0 
9 1 1 9 11 7 11 
9 1 3 1 9 13 13 
9 1 5 7 7 5 1 
9 1 9 5 3 3 5 
9 1 11 11 1 9 7 
9 1 13 3 13 1 9 
9 3 1 3 9 5 5 
9 3 3 9 7 11 7 
9 3 5 1 5 3 9 
9 3 7 7 3 9 11 
9 3 9 13 1 1 13 
9 3 13 11 11 13 3 
9 5 3 3 5 9 1 
9 5 5 9 3 1 3 
9 5 7 1 1 7 5 
9 5 9 7 13 13 7 
9 5 11 13 11 5 9 
9 5 13 5 9 11 11 
9 7 1 5 5 1 7 
9 7 3 11 3 7 9 
9 7 7 9 13 5 13 
9 7 9 1 11 11 1 
9 7 11 7 9 3 3 
9 7 13 13 7 9 5 
9 9 1 13 3 13 1 
9 9 3 5 1 5 3 
9 9 5 11 13 11 5 
9 9 7 3 11 3 7 
9 9 11 1 7 1 11 
9 9 13 7 5 7 13 
9 11 1 7 1 11 9 
9 11 3 13 13 3 11 
9 11 5 5 11 9 13 
9 11 7 11 9 1 1 
9 11 9 3 7 7 3 
9 11 11 9 5 13 5 
9 13 1 1 13 9 3 
9 13 5 13 9 7 7 
9 13 7 5 7 13 9 
9 13 9 11 5 5 11 
9 13 11 3 3 11 13 
9 13 13 9 1 3 1 
10 0 0 10 2 4 2 
10 0 2 2 0 10 4 
10 0 6 0 10 8 8 
10 0 8 6 8 0 10 
10 0 10 12 6 6 12 
10 0 12 4 4 12 0 
10 2 0 4 0 2 10 
10 2 2 10 12 8 12 
10 2 4 2 10 0 0 
10 2 6 8 8 6 2 
10 2 10 6 4 4 6 
10 2 12 12 2 10 8 
10 4 0 12 12 0 4 
10 4 2 4 10 6 6 
10 4 4 10 8 12 8 
10 4 6 2 6 4 10 
10 4 8 8 4 10 12 
10 4 10 0 2 2 0 
10 6 0 6 10 12 12 
10 6 4 4 6 10 2 
10 6 6 10 4 2 4 
10 6 8 2 2 8 6 
10 6 10 8 0 0 8 
10 6 12 0 12 6 10 
10 8 0 0 8 10 6 
10 8 2 6 6 2 8 
10 8 4 12 4 8 10 
10 8 8 10 0 6 0 
10 8 10 2 12 12 2 
10 8 12 8 10 4 4 
10 10 0 8 6 8 0 
10 10 2 0 4 0 2 
10 10 4 6 2 6 4 
10 10 6 12 0 12 6 
10 10 8 4 12 4 8 
10 10 12 2 8 2 12 
10 12 2 8 2 12 10 
10 12 4 0 0 4 12 
10 12 6 6 12 10 0 
10 12 8 12 10 2 2 
10 12 10 4 8 8 4 
10 12 12 10 6 0 6 
11 1 1 11 3 5 3 
11 1 3 3 1 11 5 
11 1 7 1 11 9 9 
11 1 9 7 9 1 11 
11 1 11 13 7 7 13 
11 1 13 5 5 13 1 
11 3 1 5 1 3 11 
11 3 3 11 13 9 13 
11 3 5 3 11 1 1 
11 3 7 9 9 7 3 
11 3 11 7 5 5 7 
11 3 13 13 3 11 9 
11 5 1 13 13 1 5 
11 5 3 5 11 7 7 
11 5 5 11 9 13 9 
11 5 7 3 7 5 11 
11 5 9 9 5 11 13 
11 5 11 1 3 3 1 
11 7 1 7 11 13 13 
11 7 5 5 7 11 3 
11 7 7 11 5 3 5 
11 7 9 3 3 9 7 
11 7 11 9 1 1 9 
11 7 13 1 13 7 11 
11 9 1 1 9 11 7 
11 9 3 7 7 3 9 
11 9 5 13 5 9 11 
11 9 9 11 1 7 1 
11 9 11 3 13 13 3 
11 9 13 9 11 5 5 
11 11 1 9 7 9 1 
11 11 3 1 5 1 3 
11 11 5 7 3 7 5 
11 11 7 13 1 13 7 
11 11 9 5 13 5 9 
11 11 13 3 9 3 13 
11 13 3 9 3 13 11 
11 13 5 1 1 5 13 
11 13 7 7 13 11 1 
11 13 9 13 11 3 3 
11 13 11 5 9 9 5 
11 13 13 11 7 1 7 
12 0 0 12 8 2 8 
12 0 4 10 4 0 12 
12 0 6 2 2 6 0 
12 0 8 8 0 12 2 
12 0 10 0 12 4 4 
12 0 12 6 10 10 6 
12 2 0 6 6 0 2 
12 2 2 12 4 6 4 
12 2 4 4 2 12 6 
12 2 8 2 12 10 10 
12 2 10 8 10 2 12 
12 2 12 0 8 8 0 
12 4 0 0 4 12 10 
12 4 2 6 2 4 12 
12 4 4 12 0 10 0 
12 4 6 4 12 2 2 
12 4 8 10 10 8 4 
12 4 12 8 6 6 8 
12 6 2 0 0 2 6 
12 6 4 6 12 8 8 
12 6 6 12 10 0 10 
12 6 8 4 8 6 12 
12 6 10 10 6 12 0 
12 6 12 2 4 4 2 
12 8 0 2 0 8 12 
12 8 2 8 12 0 0 
12 8 6 6 8 12 4 
12 8 8 12 6 4 6 
12 8 10 4 4 10 8 
12 8 12 10 2 2 10 
12 10 0 10 12 6 6 
12 10 2 2 10 12 8 
12 10 4 8 8 4 10 
12 10 6 0 6 10 12 
12 10 10 12 2 8 2 
12 10 12 4 0 0 4 
12 12 0 4 10 4 0 
12 12 2 10 8 10 2 
12 12 4 2 6 2 4 
12 12 6 8 4 8 6 
12 12 8 0 2 0 8 
12 12 10 6 0 6 10 
13 1 1 13 9 3 9 
13 1 5 11 5 1 13 
13 1 7 3 3 7 1 
13 1 9 9 1 13 3 
13 1 11 1 13 5 5 
13 1 13 7 11 11 7 
13 3 1 7 7 1 3 
13 3 3 13 5 7 5 
13 3 5 5 3 13 7 
13 3 9 3 13 11 11 
13 3 11 9 11 3 13 
13 3 13 1 9 9 1 
13 5 1 1 5 13 11 
13 5 3 7 3 5 13 
13 5 5 13 1 11 1 
13 5 7 5 13 3 3 
13 5 9 11 11 9 5 
13 5 13 9 7 7 9 
13 7 3 1 1 3 7 
13 7 5 7 13 9 9 
13 7 7 13 11 1 11 
13 7 9 5 9 7 13 
13 7 11 11 7 13 1 
13 7 13 3 5 5 3 
13 9 1 3 1 9 13 
13 9 3 9 13 1 1 
13 9 7 7 9 13 5 
13 9 9 13 7 5 7 
13 9 11 5 5 11 9 
13 9 13 11 3 3 11 
13 11 1 11 13 7 7 
13 11 3 3 11 13 9 
13 11 5 9 9 5 11 
13 11 7 1 7 11 13 
13 11 11 13 3 9 3 
13 11 13 5 1 1 5 
13 13 1 5 11 5 1 
13 13 3 11 9 11 3 
13 13 5 3 7 3 5 
13 13 7 9 5 9 7 
13 13 9 1 3 1 9 
13 13 11 7 1 7 11 
