0 0 5 
0 0 10 
0 5 0 
0 5 5 
0 10 0 
0 10 10 
1 1 6 
1 1 11 
1 6 1 
1 6 6 
1 11 1 
1 11 11 
2 2 7 
2 2 12 
2 7 2 
2 7 7 
2 12 2 
2 12 12 
3 3 8 
3 3 13 
3 8 3 
3 8 8 
3 13 3 
3 13 13 
4 4 9 
4 4 14 
4 9 4 
4 9 9 
4 14 4 
4 14 14 
5 0 0 
5 0 5 
5 5 0 
5 5 10 
5 10 5 
5 10 10 
6 1 1 
6 1 6 
6 6 1 
6 6 11 
6 11 6 
6 11 11 
7 2 2 
7 2 7 
7 7 2 
7 7 12 
7 12 7 
7 12 12 
8 3 3 
8 3 8 
8 8 3 
8 8 13 
8 13 8 
8 13 13 
9 4 4 
9 4 9 
9 9 4 
9 9 14 
9 14 9 
9 14 14 
10 0 0 
10 0 10 
10 5 5 
10 5 10 
10 10 0 
10 10 5 
11 1 1 
11 1 11 
11 6 6 
11 6 11 
11 11 1 
11 11 6 
12 2 2 
12 2 12 
12 7 7 
12 7 12 
12 12 2 
12 12 7 
13 3 3 
13 3 13 
13 8 8 
13 8 13 
13 13 3 
13 13 8 
14 4 4 
14 4 14 
14 9 9 
14 9 14 
14 14 4 
14 14 9 
