0 0 3 9 3 
0 0 6 3 6 
0 0 9 12 9 
0 0 12 6 12 
0 3 0 6 6 
0 3 3 0 9 
0 3 9 3 0 
0 3 12 12 3 
0 6 0 12 12 
0 6 3 6 0 
0 6 6 0 3 
0 6 9 9 6 
0 9 0 3 3 
0 9 6 6 9 
0 9 9 0 12 
0 9 12 9 0 
0 12 0 9 9 
0 12 3 3 12 
0 12 6 12 0 
0 12 12 0 6 
1 1 4 10 4 
1 1 7 4 7 
1 1 10 13 10 
1 1 13 7 13 
1 4 1 7 7 
1 4 4 1 10 
1 4 10 4 1 
1 4 13 13 4 
1 7 1 13 13 
1 7 4 7 1 
1 7 7 1 4 
1 7 10 10 7 
1 10 1 4 4 
1 10 7 7 10 
1 10 10 1 13 
1 10 13 10 1 
1 13 1 10 10 
1 13 4 4 13 
1 13 7 13 1 
1 13 13 1 7 
2 2 5 11 5 
2 2 8 5 8 
2 2 11 14 11 
2 2 14 8 14 
2 5 2 8 8 
2 5 5 2 11 
2 5 11 5 2 
2 5 14 14 5 
2 8 2 14 14 
2 8 5 8 2 
2 8 8 2 5 
2 8 11 11 8 
2 11 2 5 5 
2 11 8 8 11 
2 11 11 2 14 
2 11 14 11 2 
2 14 2 11 11 
2 14 5 5 14 
2 14 8 14 2 
2 14 14 2 8 
3 0 0 3 9 
3 0 3 12 12 
3 0 6 6 0 
3 0 9 0 3 
3 3 0 9 0 
3 3 6 12 6 
3 3 9 6 9 
3 3 12 0 12 
3 6 0 0 6 
3 6 3 9 9 
3 6 6 3 12 
3 6 12 6 3 
3 9 3 0 0 
3 9 6 9 3 
3 9 9 3 6 
3 9 12 12 9 
3 12 0 12 3 
3 12 3 6 6 
3 12 9 9 12 
3 12 12 3 0 
4 1 1 4 10 
4 1 4 13 13 
4 1 7 7 1 
4 1 10 1 4 
4 4 1 10 1 
4 4 7 13 7 
4 4 10 7 10 
4 4 13 1 13 
4 7 1 1 7 
4 7 4 10 10 
4 7 7 4 13 
4 7 13 7 4 
4 10 4 1 1 
4 10 7 10 4 
4 10 10 4 7 
4 10 13 13 10 
4 13 1 13 4 
4 13 4 7 7 
4 13 10 10 13 
4 13 13 4 1 
5 2 2 5 11 
5 2 5 14 14 
5 2 8 8 2 
5 2 11 2 5 
5 5 2 11 2 
5 5 8 14 8 
5 5 11 8 11 
5 5 14 2 14 
5 8 2 2 8 
5 8 5 11 11 
5 8 8 5 14 
5 8 14 8 5 
5 11 5 2 2 
5 11 8 11 5 
5 11 11 5 8 
5 11 14 14 11 
5 14 2 14 5 
5 14 5 8 8 
5 14 11 11 14 
5 14 14 5 2 
6 0 0 6 3 
6 0 3 0 6 
6 0 6 9 9 
6 0 12 12 0 
6 3 3 6 12 
6 3 6 0 0 
6 3 9 9 3 
6 3 12 3 6 
6 6 0 3 0 
6 6 3 12 3 
6 6 9 0 9 
6 6 12 9 12 
6 9 0 9 6 
6 9 3 3 9 
6 9 6 12 12 
6 9 9 6 0 
6 12 0 0 12 
6 12 6 3 3 
6 12 9 12 6 
6 12 12 6 9 
7 1 1 7 4 
7 1 4 1 7 
7 1 7 10 10 
7 1 13 13 1 
7 4 4 7 13 
7 4 7 1 1 
7 4 10 10 4 
7 4 13 4 7 
7 7 1 4 1 
7 7 4 13 4 
7 7 10 1 10 
7 7 13 10 13 
7 10 1 10 7 
7 10 4 4 10 
7 10 7 13 13 
7 10 10 7 1 
7 13 1 1 13 
7 13 7 4 4 
7 13 10 13 7 
7 13 13 7 10 
8 2 2 8 5 
8 2 5 2 8 
8 2 8 11 11 
8 2 14 14 2 
8 5 5 8 14 
8 5 8 2 2 
8 5 11 11 5 
8 5 14 5 8 
8 8 2 5 2 
8 8 5 14 5 
8 8 11 2 11 
8 8 14 11 14 
8 11 2 11 8 
8 11 5 5 11 
8 11 8 14 14 
8 11 11 8 2 
8 14 2 2 14 
8 14 8 5 5 
8 14 11 14 8 
8 14 14 8 11 
9 0 0 9 12 
9 0 3 3 0 
9 0 9 6 6 
9 0 12 0 9 
9 3 0 0 3 
9 3 3 9 6 
9 3 6 3 9 
9 3 9 12 12 
9 6 0 6 9 
9 6 6 9 0 
9 6 9 3 3 
9 6 12 12 6 
9 9 0 12 0 
9 9 3 6 3 
9 9 6 0 6 
9 9 12 3 12 
9 12 3 12 9 
9 12 6 6 12 
9 12 9 0 0 
9 12 12 9 3 
10 1 1 10 13 
10 1 4 4 1 
10 1 10 7 7 
10 1 13 1 10 
10 4 1 1 4 
10 4 4 10 7 
10 4 7 4 10 
10 4 10 13 13 
10 7 1 7 10 
10 7 7 10 1 
10 7 10 4 4 
10 7 13 13 7 
10 10 1 13 1 
10 10 4 7 4 
10 10 7 1 7 
10 10 13 4 13 
10 13 4 13 10 
10 13 7 7 13 
10 13 10 1 1 
10 13 13 10 4 
11 2 2 11 14 
11 2 5 5 2 
11 2 11 8 8 
11 2 14 2 11 
11 5 2 2 5 
11 5 5 11 8 
11 5 8 5 11 
11 5 11 14 14 
11 8 2 8 11 
11 8 8 11 2 
11 8 11 5 5 
11 8 14 14 8 
11 11 2 14 2 
11 11 5 8 5 
11 11 8 2 8 
11 11 14 5 14 
11 14 5 14 11 
11 14 8 8 14 
11 14 11 2 2 
11 14 14 11 5 
12 0 0 12 6 
12 0 6 0 12 
12 0 9 9 0 
12 0 12 3 3 
12 3 0 3 12 
12 3 3 12 0 
12 3 6 6 3 
12 3 12 9 9 
12 6 3 3 6 
12 6 6 12 9 
12 6 9 6 12 
12 6 12 0 0 
12 9 0 0 9 
12 9 3 9 12 
12 9 9 12 3 
12 9 12 6 6 
12 12 0 6 0 
12 12 3 0 3 
12 12 6 9 6 
12 12 9 3 9 
13 1 1 13 7 
13 1 7 1 13 
13 1 10 10 1 
13 1 13 4 4 
13 4 1 4 13 
13 4 4 13 1 
13 4 7 7 4 
13 4 13 10 10 
13 7 4 4 7 
13 7 7 13 10 
13 7 10 7 13 
13 7 13 1 1 
13 10 1 1 10 
13 10 4 10 13 
13 10 10 13 4 
13 10 13 7 7 
13 13 1 7 1 
13 13 4 1 4 
13 13 7 10 7 
13 13 10 4 10 
14 2 2 14 8 
14 2 8 2 14 
14 2 11 11 2 
14 2 14 5 5 
14 5 2 5 14 
14 5 5 14 2 
14 5 8 8 5 
14 5 14 11 11 
14 8 5 5 8 
14 8 8 14 11 
14 8 11 8 14 
14 8 14 2 2 
14 11 2 2 11 
14 11 5 11 14 
14 11 11 14 5 
14 11 14 8 8 
14 14 2 8 2 
14 14 5 2 5 
14 14 8 11 8 
14 14 11 5 11 
