0 0 6 
0 0 12 
0 6 0 
0 6 6 
0 12 0 
0 12 12 
1 1 7 
1 1 13 
1 7 1 
1 7 7 
1 13 1 
1 13 13 
2 2 8 
2 2 14 
2 8 2 
2 8 8 
2 14 2 
2 14 14 
3 3 9 
3 3 15 
3 9 3 
3 9 9 
3 15 3 
3 15 15 
4 4 10 
4 4 16 
4 10 4 
4 10 10 
4 16 4 
4 16 16 
5 5 11 
5 5 17 
5 11 5 
5 11 11 
5 17 5 
5 17 17 
6 0 0 
6 0 6 
6 6 0 
6 6 12 
6 12 6 
6 12 12 
7 1 1 
7 1 7 
7 7 1 
7 7 13 
7 13 7 
7 13 13 
8 2 2 
8 2 8 
8 8 2 
8 8 14 
8 14 8 
8 14 14 
9 3 3 
9 3 9 
9 9 3 
9 9 15 
9 15 9 
9 15 15 
10 4 4 
10 4 10 
10 10 4 
10 10 16 
10 16 10 
10 16 16 
11 5 5 
11 5 11 
11 11 5 
11 11 17 
11 17 11 
11 17 17 
12 0 0 
12 0 12 
12 6 6 
12 6 12 
12 12 0 
12 12 6 
13 1 1 
13 1 13 
13 7 7 
13 7 13 
13 13 1 
13 13 7 
14 2 2 
14 2 14 
14 8 8 
14 8 14 
14 14 2 
14 14 8 
15 3 3 
15 3 15 
15 9 9 
15 9 15 
15 15 3 
15 15 9 
16 4 4 
16 4 16 
16 10 10 
16 10 16 
16 16 4 
16 16 10 
17 5 5 
17 5 17 
17 11 11 
17 11 17 
17 17 5 
17 17 11 
