0 1 0 17 12 5 16 5 12 17 
0 1 4 9 16 5 16 9 4 1 
0 1 8 1 0 5 16 13 16 5 
0 1 16 5 8 5 16 1 0 13 
0 3 0 11 16 15 8 15 16 11 
0 3 4 3 0 15 8 19 8 15 
0 3 8 15 4 15 8 3 0 19 
0 3 12 7 8 15 8 7 12 3 
0 5 4 17 4 5 0 9 12 9 
0 5 8 9 8 5 0 13 4 13 
0 5 12 1 12 5 0 17 16 17 
0 5 16 13 16 5 0 1 8 1 
0 7 0 19 4 15 12 15 4 19 
0 7 8 3 12 15 12 3 8 7 
0 7 12 15 16 15 12 7 0 11 
0 7 16 7 0 15 12 11 12 15 
0 9 0 13 8 5 4 5 8 13 
0 9 4 5 12 5 4 9 0 17 
0 9 12 9 0 5 4 17 4 5 
0 9 16 1 4 5 4 1 16 9 
0 11 0 7 12 15 16 15 12 7 
0 11 4 19 16 15 16 19 4 11 
0 11 8 11 0 15 16 3 16 15 
0 11 16 15 8 15 16 11 0 3 
0 13 0 1 16 5 8 5 16 1 
0 13 4 13 0 5 8 9 8 5 
0 13 8 5 4 5 8 13 0 9 
0 13 12 17 8 5 8 17 12 13 
0 15 4 7 4 15 0 19 12 19 
0 15 8 19 8 15 0 3 4 3 
0 15 12 11 12 15 0 7 16 7 
0 15 16 3 16 15 0 11 8 11 
0 17 0 9 4 5 12 5 4 9 
0 17 8 13 12 5 12 13 8 17 
0 17 12 5 16 5 12 17 0 1 
0 17 16 17 0 5 12 1 12 5 
0 19 0 3 8 15 4 15 8 3 
0 19 4 15 12 15 4 19 0 7 
0 19 12 19 0 15 4 7 4 15 
0 19 16 11 4 15 4 11 16 19 
1 0 1 4 9 16 5 16 9 4 
1 0 5 16 13 16 5 0 1 8 
1 0 13 0 1 16 5 8 5 16 
1 0 17 12 5 16 5 12 17 0 
1 2 1 18 13 6 17 6 13 18 
1 2 5 10 17 6 17 10 5 2 
1 2 9 2 1 6 17 14 17 6 
1 2 17 6 9 6 17 2 1 14 
1 4 1 12 17 16 9 16 17 12 
1 4 5 4 1 16 9 0 9 16 
1 4 9 16 5 16 9 4 1 0 
1 4 13 8 9 16 9 8 13 4 
1 6 5 18 5 6 1 10 13 10 
1 6 9 10 9 6 1 14 5 14 
1 6 13 2 13 6 1 18 17 18 
1 6 17 14 17 6 1 2 9 2 
1 8 1 0 5 16 13 16 5 0 
1 8 9 4 13 16 13 4 9 8 
1 8 13 16 17 16 13 8 1 12 
1 8 17 8 1 16 13 12 13 16 
1 10 1 14 9 6 5 6 9 14 
1 10 5 6 13 6 5 10 1 18 
1 10 13 10 1 6 5 18 5 6 
1 10 17 2 5 6 5 2 17 10 
1 12 1 8 13 16 17 16 13 8 
1 12 5 0 17 16 17 0 5 12 
1 12 9 12 1 16 17 4 17 16 
1 12 17 16 9 16 17 12 1 4 
1 14 1 2 17 6 9 6 17 2 
1 14 5 14 1 6 9 10 9 6 
1 14 9 6 5 6 9 14 1 10 
1 14 13 18 9 6 9 18 13 14 
1 16 5 8 5 16 1 0 13 0 
1 16 9 0 9 16 1 4 5 4 
1 16 13 12 13 16 1 8 17 8 
1 16 17 4 17 16 1 12 9 12 
1 18 1 10 5 6 13 6 5 10 
1 18 9 14 13 6 13 14 9 18 
1 18 13 6 17 6 13 18 1 2 
1 18 17 18 1 6 13 2 13 6 
2 1 2 5 10 17 6 17 10 5 
2 1 6 17 14 17 6 1 2 9 
2 1 14 1 2 17 6 9 6 17 
2 1 18 13 6 17 6 13 18 1 
2 3 2 19 14 7 18 7 14 19 
2 3 6 11 18 7 18 11 6 3 
2 3 10 3 2 7 18 15 18 7 
2 3 18 7 10 7 18 3 2 15 
2 5 2 13 18 17 10 17 18 13 
2 5 6 5 2 17 10 1 10 17 
2 5 10 17 6 17 10 5 2 1 
2 5 14 9 10 17 10 9 14 5 
2 7 6 19 6 7 2 11 14 11 
2 7 10 11 10 7 2 15 6 15 
2 7 14 3 14 7 2 19 18 19 
2 7 18 15 18 7 2 3 10 3 
2 9 2 1 6 17 14 17 6 1 
2 9 10 5 14 17 14 5 10 9 
2 9 14 17 18 17 14 9 2 13 
2 9 18 9 2 17 14 13 14 17 
2 11 2 15 10 7 6 7 10 15 
2 11 6 7 14 7 6 11 2 19 
2 11 14 11 2 7 6 19 6 7 
2 11 18 3 6 7 6 3 18 11 
2 13 2 9 14 17 18 17 14 9 
2 13 6 1 18 17 18 1 6 13 
2 13 10 13 2 17 18 5 18 17 
2 13 18 17 10 17 18 13 2 5 
2 15 2 3 18 7 10 7 18 3 
2 15 6 15 2 7 10 11 10 7 
2 15 10 7 6 7 10 15 2 11 
2 15 14 19 10 7 10 19 14 15 
2 17 6 9 6 17 2 1 14 1 
2 17 10 1 10 17 2 5 6 5 
2 17 14 13 14 17 2 9 18 9 
2 17 18 5 18 17 2 13 10 13 
2 19 2 11 6 7 14 7 6 11 
2 19 10 15 14 7 14 15 10 19 
2 19 14 7 18 7 14 19 2 3 
2 19 18 19 2 7 14 3 14 7 
3 0 3 12 7 8 15 8 7 12 
3 0 11 16 15 8 15 16 11 0 
3 0 15 8 19 8 15 0 3 4 
3 0 19 0 3 8 15 4 15 8 
3 2 3 6 11 18 7 18 11 6 
3 2 7 18 15 18 7 2 3 10 
3 2 15 2 3 18 7 10 7 18 
3 2 19 14 7 18 7 14 19 2 
3 4 3 0 15 8 19 8 15 0 
3 4 7 12 19 8 19 12 7 4 
3 4 11 4 3 8 19 16 19 8 
3 4 19 8 11 8 19 4 3 16 
3 6 3 14 19 18 11 18 19 14 
3 6 7 6 3 18 11 2 11 18 
3 6 11 18 7 18 11 6 3 2 
3 6 15 10 11 18 11 10 15 6 
3 8 7 0 7 8 3 12 15 12 
3 8 11 12 11 8 3 16 7 16 
3 8 15 4 15 8 3 0 19 0 
3 8 19 16 19 8 3 4 11 4 
3 10 3 2 7 18 15 18 7 2 
3 10 11 6 15 18 15 6 11 10 
3 10 15 18 19 18 15 10 3 14 
3 10 19 10 3 18 15 14 15 18 
3 12 3 16 11 8 7 8 11 16 
3 12 7 8 15 8 7 12 3 0 
3 12 15 12 3 8 7 0 7 8 
3 12 19 4 7 8 7 4 19 12 
3 14 3 10 15 18 19 18 15 10 
3 14 7 2 19 18 19 2 7 14 
3 14 11 14 3 18 19 6 19 18 
3 14 19 18 11 18 19 14 3 6 
3 16 3 4 19 8 11 8 19 4 
3 16 7 16 3 8 11 12 11 8 
3 16 11 8 7 8 11 16 3 12 
3 16 15 0 11 8 11 0 15 16 
3 18 7 10 7 18 3 2 15 2 
3 18 11 2 11 18 3 6 7 6 
3 18 15 14 15 18 3 10 19 10 
3 18 19 6 19 18 3 14 11 14 
4 1 0 1 4 9 16 5 16 9 
4 1 4 13 8 9 16 9 8 13 
4 1 12 17 16 9 16 17 12 1 
4 1 16 9 0 9 16 1 4 5 
4 3 0 15 8 19 8 15 0 3 
4 3 4 7 12 19 8 19 12 7 
4 3 8 19 16 19 8 3 4 11 
4 3 16 3 4 19 8 11 8 19 
4 5 0 9 12 9 0 5 4 17 
4 5 4 1 16 9 0 9 16 1 
4 5 8 13 0 9 0 13 8 5 
4 5 12 5 4 9 0 17 0 9 
4 7 4 15 0 19 12 19 0 15 
4 7 8 7 4 19 12 3 12 19 
4 7 12 19 8 19 12 7 4 3 
4 7 16 11 12 19 12 11 16 7 
4 9 0 17 0 9 4 5 12 5 
4 9 8 1 8 9 4 13 16 13 
4 9 12 13 12 9 4 17 8 17 
4 9 16 5 16 9 4 1 0 1 
4 11 0 11 4 19 16 15 16 19 
4 11 4 3 8 19 16 19 8 3 
4 11 12 7 16 19 16 7 12 11 
4 11 16 19 0 19 16 11 4 15 
4 13 0 5 8 9 8 5 0 13 
4 13 4 17 12 9 8 9 12 17 
4 13 8 9 16 9 8 13 4 1 
4 13 16 13 4 9 8 1 8 9 
4 15 0 19 12 19 0 15 4 7 
4 15 4 11 16 19 0 19 16 11 
4 15 8 3 0 19 0 3 8 15 
4 15 12 15 4 19 0 7 0 19 
4 17 4 5 0 9 12 9 0 5 
4 17 8 17 4 9 12 13 12 9 
4 17 12 9 8 9 12 17 4 13 
4 17 16 1 12 9 12 1 16 17 
4 19 0 7 0 19 4 15 12 15 
4 19 8 11 8 19 4 3 16 3 
4 19 12 3 12 19 4 7 8 7 
4 19 16 15 16 19 4 11 0 11 
5 0 1 8 1 0 5 16 13 16 
5 0 9 12 9 0 5 4 17 4 
5 0 13 4 13 0 5 8 9 8 
5 0 17 16 17 0 5 12 1 12 
5 2 1 2 5 10 17 6 17 10 
5 2 5 14 9 10 17 10 9 14 
5 2 13 18 17 10 17 18 13 2 
5 2 17 10 1 10 17 2 5 6 
5 4 1 16 9 0 9 16 1 4 
5 4 5 8 13 0 9 0 13 8 
5 4 9 0 17 0 9 4 5 12 
5 4 17 4 5 0 9 12 9 0 
5 6 1 10 13 10 1 6 5 18 
5 6 5 2 17 10 1 10 17 2 
5 6 9 14 1 10 1 14 9 6 
5 6 13 6 5 10 1 18 1 10 
5 8 5 16 1 0 13 0 1 16 
5 8 9 8 5 0 13 4 13 0 
5 8 13 0 9 0 13 8 5 4 
5 8 17 12 13 0 13 12 17 8 
5 10 1 18 1 10 5 6 13 6 
5 10 9 2 9 10 5 14 17 14 
5 10 13 14 13 10 5 18 9 18 
5 10 17 6 17 10 5 2 1 2 
5 12 1 12 5 0 17 16 17 0 
5 12 5 4 9 0 17 0 9 4 
5 12 13 8 17 0 17 8 13 12 
5 12 17 0 1 0 17 12 5 16 
5 14 1 6 9 10 9 6 1 14 
5 14 5 18 13 10 9 10 13 18 
5 14 9 10 17 10 9 14 5 2 
5 14 17 14 5 10 9 2 9 10 
5 16 1 0 13 0 1 16 5 8 
5 16 5 12 17 0 1 0 17 12 
5 16 9 4 1 0 1 4 9 16 
5 16 13 16 5 0 1 8 1 0 
5 18 5 6 1 10 13 10 1 6 
5 18 9 18 5 10 13 14 13 10 
5 18 13 10 9 10 13 18 5 14 
5 18 17 2 13 10 13 2 17 18 
6 1 2 9 2 1 6 17 14 17 
6 1 10 13 10 1 6 5 18 5 
6 1 14 5 14 1 6 9 10 9 
6 1 18 17 18 1 6 13 2 13 
6 3 2 3 6 11 18 7 18 11 
6 3 6 15 10 11 18 11 10 15 
6 3 14 19 18 11 18 19 14 3 
6 3 18 11 2 11 18 3 6 7 
6 5 2 17 10 1 10 17 2 5 
6 5 6 9 14 1 10 1 14 9 
6 5 10 1 18 1 10 5 6 13 
6 5 18 5 6 1 10 13 10 1 
6 7 2 11 14 11 2 7 6 19 
6 7 6 3 18 11 2 11 18 3 
6 7 10 15 2 11 2 15 10 7 
6 7 14 7 6 11 2 19 2 11 
6 9 6 17 2 1 14 1 2 17 
6 9 10 9 6 1 14 5 14 1 
6 9 14 1 10 1 14 9 6 5 
6 9 18 13 14 1 14 13 18 9 
6 11 2 19 2 11 6 7 14 7 
6 11 10 3 10 11 6 15 18 15 
6 11 14 15 14 11 6 19 10 19 
6 11 18 7 18 11 6 3 2 3 
6 13 2 13 6 1 18 17 18 1 
6 13 6 5 10 1 18 1 10 5 
6 13 14 9 18 1 18 9 14 13 
6 13 18 1 2 1 18 13 6 17 
6 15 2 7 10 11 10 7 2 15 
6 15 6 19 14 11 10 11 14 19 
6 15 10 11 18 11 10 15 6 3 
6 15 18 15 6 11 10 3 10 11 
6 17 2 1 14 1 2 17 6 9 
6 17 6 13 18 1 2 1 18 13 
6 17 10 5 2 1 2 5 10 17 
6 17 14 17 6 1 2 9 2 1 
6 19 6 7 2 11 14 11 2 7 
6 19 10 19 6 11 14 15 14 11 
6 19 14 11 10 11 14 19 6 15 
6 19 18 3 14 11 14 3 18 19 
7 0 7 8 3 12 15 12 3 8 
7 0 11 0 7 12 15 16 15 12 
7 0 15 12 11 12 15 0 7 16 
7 0 19 4 15 12 15 4 19 0 
7 2 3 10 3 2 7 18 15 18 
7 2 11 14 11 2 7 6 19 6 
7 2 15 6 15 2 7 10 11 10 
7 2 19 18 19 2 7 14 3 14 
7 4 3 4 7 12 19 8 19 12 
7 4 7 16 11 12 19 12 11 16 
7 4 15 0 19 12 19 0 15 4 
7 4 19 12 3 12 19 4 7 8 
7 6 3 18 11 2 11 18 3 6 
7 6 7 10 15 2 11 2 15 10 
7 6 11 2 19 2 11 6 7 14 
7 6 19 6 7 2 11 14 11 2 
7 8 3 12 15 12 3 8 7 0 
7 8 7 4 19 12 3 12 19 4 
7 8 11 16 3 12 3 16 11 8 
7 8 15 8 7 12 3 0 3 12 
7 10 7 18 3 2 15 2 3 18 
7 10 11 10 7 2 15 6 15 2 
7 10 15 2 11 2 15 10 7 6 
7 10 19 14 15 2 15 14 19 10 
7 12 3 0 3 12 7 8 15 8 
7 12 11 4 11 12 7 16 19 16 
7 12 15 16 15 12 7 0 11 0 
7 12 19 8 19 12 7 4 3 4 
7 14 3 14 7 2 19 18 19 2 
7 14 7 6 11 2 19 2 11 6 
7 14 15 10 19 2 19 10 15 14 
7 14 19 2 3 2 19 14 7 18 
7 16 3 8 11 12 11 8 3 16 
7 16 7 0 15 12 11 12 15 0 
7 16 11 12 19 12 11 16 7 4 
7 16 19 16 7 12 11 4 11 12 
7 18 3 2 15 2 3 18 7 10 
7 18 7 14 19 2 3 2 19 14 
7 18 11 6 3 2 3 6 11 18 
7 18 15 18 7 2 3 10 3 2 
8 1 0 5 16 13 16 5 0 1 
8 1 8 9 4 13 16 13 4 9 
8 1 12 1 8 13 16 17 16 13 
8 1 16 13 12 13 16 1 8 17 
8 3 0 19 0 3 8 15 4 15 
8 3 4 11 4 3 8 19 16 19 
8 3 12 15 12 3 8 7 0 7 
8 3 16 7 16 3 8 11 12 11 
8 5 0 13 4 13 0 5 8 9 
8 5 4 5 8 13 0 9 0 13 
8 5 8 17 12 13 0 13 12 17 
8 5 16 1 0 13 0 1 16 5 
8 7 0 7 8 3 12 15 12 3 
8 7 4 19 12 3 12 19 4 7 
8 7 8 11 16 3 12 3 16 11 
8 7 12 3 0 3 12 7 8 15 
8 9 4 13 16 13 4 9 8 1 
8 9 8 5 0 13 4 13 0 5 
8 9 12 17 4 13 4 17 12 9 
8 9 16 9 8 13 4 1 4 13 
8 11 0 15 16 3 16 15 0 11 
8 11 8 19 4 3 16 3 4 19 
8 11 12 11 8 3 16 7 16 3 
8 11 16 3 12 3 16 11 8 7 
8 13 0 9 0 13 8 5 4 5 
8 13 4 1 4 13 8 9 16 9 
8 13 12 5 12 13 8 17 0 17 
8 13 16 17 16 13 8 1 12 1 
8 15 0 3 4 3 0 15 8 19 
8 15 4 15 8 3 0 19 0 3 
8 15 8 7 12 3 0 3 12 7 
8 15 16 11 0 3 0 11 16 15 
8 17 0 17 8 13 12 5 12 13 
8 17 4 9 12 13 12 9 4 17 
8 17 8 1 16 13 12 13 16 1 
8 17 12 13 0 13 12 17 8 5 
8 19 4 3 16 3 4 19 8 11 
8 19 8 15 0 3 4 3 0 15 
8 19 12 7 4 3 4 7 12 19 
8 19 16 19 8 3 4 11 4 3 
9 0 5 4 17 4 5 0 9 12 
9 0 9 16 1 4 5 4 1 16 
9 0 13 8 5 4 5 8 13 0 
9 0 17 0 9 4 5 12 5 4 
9 2 1 6 17 14 17 6 1 2 
9 2 9 10 5 14 17 14 5 10 
9 2 13 2 9 14 17 18 17 14 
9 2 17 14 13 14 17 2 9 18 
9 4 1 0 1 4 9 16 5 16 
9 4 5 12 5 4 9 0 17 0 
9 4 13 16 13 4 9 8 1 8 
9 4 17 8 17 4 9 12 13 12 
9 6 1 14 5 14 1 6 9 10 
9 6 5 6 9 14 1 10 1 14 
9 6 9 18 13 14 1 14 13 18 
9 6 17 2 1 14 1 2 17 6 
9 8 1 8 9 4 13 16 13 4 
9 8 5 0 13 4 13 0 5 8 
9 8 9 12 17 4 13 4 17 12 
9 8 13 4 1 4 13 8 9 16 
9 10 5 14 17 14 5 10 9 2 
9 10 9 6 1 14 5 14 1 6 
9 10 13 18 5 14 5 18 13 10 
9 10 17 10 9 14 5 2 5 14 
9 12 1 16 17 4 17 16 1 12 
9 12 9 0 5 4 17 4 5 0 
9 12 13 12 9 4 17 8 17 4 
9 12 17 4 13 4 17 12 9 8 
9 14 1 10 1 14 9 6 5 6 
9 14 5 2 5 14 9 10 17 10 
9 14 13 6 13 14 9 18 1 18 
9 14 17 18 17 14 9 2 13 2 
9 16 1 4 5 4 1 16 9 0 
9 16 5 16 9 4 1 0 1 4 
9 16 9 8 13 4 1 4 13 8 
9 16 17 12 1 4 1 12 17 16 
9 18 1 18 9 14 13 6 13 14 
9 18 5 10 13 14 13 10 5 18 
9 18 9 2 17 14 13 14 17 2 
9 18 13 14 1 14 13 18 9 6 
10 1 6 5 18 5 6 1 10 13 
10 1 10 17 2 5 6 5 2 17 
10 1 14 9 6 5 6 9 14 1 
10 1 18 1 10 5 6 13 6 5 
10 3 2 7 18 15 18 7 2 3 
10 3 10 11 6 15 18 15 6 11 
10 3 14 3 10 15 18 19 18 15 
10 3 18 15 14 15 18 3 10 19 
10 5 2 1 2 5 10 17 6 17 
10 5 6 13 6 5 10 1 18 1 
10 5 14 17 14 5 10 9 2 9 
10 5 18 9 18 5 10 13 14 13 
10 7 2 15 6 15 2 7 10 11 
10 7 6 7 10 15 2 11 2 15 
10 7 10 19 14 15 2 15 14 19 
10 7 18 3 2 15 2 3 18 7 
10 9 2 9 10 5 14 17 14 5 
10 9 6 1 14 5 14 1 6 9 
10 9 10 13 18 5 14 5 18 13 
10 9 14 5 2 5 14 9 10 17 
10 11 6 15 18 15 6 11 10 3 
10 11 10 7 2 15 6 15 2 7 
10 11 14 19 6 15 6 19 14 11 
10 11 18 11 10 15 6 3 6 15 
10 13 2 17 18 5 18 17 2 13 
10 13 10 1 6 5 18 5 6 1 
10 13 14 13 10 5 18 9 18 5 
10 13 18 5 14 5 18 13 10 9 
10 15 2 11 2 15 10 7 6 7 
10 15 6 3 6 15 10 11 18 11 
10 15 14 7 14 15 10 19 2 19 
10 15 18 19 18 15 10 3 14 3 
10 17 2 5 6 5 2 17 10 1 
10 17 6 17 10 5 2 1 2 5 
10 17 10 9 14 5 2 5 14 9 
10 17 18 13 2 5 2 13 18 17 
10 19 2 19 10 15 14 7 14 15 
10 19 6 11 14 15 14 11 6 19 
10 19 10 3 18 15 14 15 18 3 
10 19 14 15 2 15 14 19 10 7 
11 0 3 0 11 16 15 8 15 16 
11 0 7 12 15 16 15 12 7 0 
11 0 11 4 19 16 15 16 19 4 
11 0 15 16 3 16 15 0 11 8 
11 2 7 6 19 6 7 2 11 14 
11 2 11 18 3 6 7 6 3 18 
11 2 15 10 7 6 7 10 15 2 
11 2 19 2 11 6 7 14 7 6 
11 4 3 8 19 16 19 8 3 4 
11 4 11 12 7 16 19 16 7 12 
11 4 15 4 11 16 19 0 19 16 
11 4 19 16 15 16 19 4 11 0 
11 6 3 2 3 6 11 18 7 18 
11 6 7 14 7 6 11 2 19 2 
11 6 15 18 15 6 11 10 3 10 
11 6 19 10 19 6 11 14 15 14 
11 8 3 16 7 16 3 8 11 12 
11 8 7 8 11 16 3 12 3 16 
11 8 11 0 15 16 3 16 15 0 
11 8 19 4 3 16 3 4 19 8 
11 10 3 10 11 6 15 18 15 6 
11 10 7 2 15 6 15 2 7 10 
11 10 11 14 19 6 15 6 19 14 
11 10 15 6 3 6 15 10 11 18 
11 12 7 16 19 16 7 12 11 4 
11 12 11 8 3 16 7 16 3 8 
11 12 15 0 7 16 7 0 15 12 
11 12 19 12 11 16 7 4 7 16 
11 14 3 18 19 6 19 18 3 14 
11 14 11 2 7 6 19 6 7 2 
11 14 15 14 11 6 19 10 19 6 
11 14 19 6 15 6 19 14 11 10 
11 16 3 12 3 16 11 8 7 8 
11 16 7 4 7 16 11 12 19 12 
11 16 15 8 15 16 11 0 3 0 
11 16 19 0 19 16 11 4 15 4 
11 18 3 6 7 6 3 18 11 2 
11 18 7 18 11 6 3 2 3 6 
11 18 11 10 15 6 3 6 15 10 
11 18 19 14 3 6 3 14 19 18 
12 1 4 1 12 17 16 9 16 17 
12 1 8 13 16 17 16 13 8 1 
12 1 12 5 0 17 16 17 0 5 
12 1 16 17 4 17 16 1 12 9 
12 3 0 3 12 7 8 15 8 7 
12 3 8 7 0 7 8 3 12 15 
12 3 12 19 4 7 8 7 4 19 
12 3 16 11 8 7 8 11 16 3 
12 5 0 17 16 17 0 5 12 1 
12 5 4 9 0 17 0 9 4 5 
12 5 12 13 8 17 0 17 8 13 
12 5 16 5 12 17 0 1 0 17 
12 7 0 11 0 7 12 15 16 15 
12 7 4 3 4 7 12 19 8 19 
12 7 8 15 8 7 12 3 0 3 
12 7 16 19 16 7 12 11 4 11 
12 9 0 5 4 17 4 5 0 9 
12 9 4 17 8 17 4 9 12 13 
12 9 8 9 12 17 4 13 4 17 
12 9 12 1 16 17 4 17 16 1 
12 11 4 11 12 7 16 19 16 7 
12 11 8 3 16 7 16 3 8 11 
12 11 12 15 0 7 16 7 0 15 
12 11 16 7 4 7 16 11 12 19 
12 13 0 13 12 17 8 5 8 17 
12 13 8 17 0 17 8 13 12 5 
12 13 12 9 4 17 8 17 4 9 
12 13 16 1 8 17 8 1 16 13 
12 15 0 7 16 7 0 15 12 11 
12 15 4 19 0 7 0 19 4 15 
12 15 12 3 8 7 0 7 8 3 
12 15 16 15 12 7 0 11 0 7 
12 17 0 1 0 17 12 5 16 5 
12 17 4 13 4 17 12 9 8 9 
12 17 8 5 8 17 12 13 0 13 
12 17 16 9 16 17 12 1 4 1 
12 19 0 15 4 7 4 15 0 19 
12 19 4 7 8 7 4 19 12 3 
12 19 8 19 12 7 4 3 4 7 
12 19 12 11 16 7 4 7 16 11 
13 0 1 16 5 8 5 16 1 0 
13 0 5 8 9 8 5 0 13 4 
13 0 9 0 13 8 5 4 5 8 
13 0 13 12 17 8 5 8 17 12 
13 2 5 2 13 18 17 10 17 18 
13 2 9 14 17 18 17 14 9 2 
13 2 13 6 1 18 17 18 1 6 
13 2 17 18 5 18 17 2 13 10 
13 4 1 4 13 8 9 16 9 8 
13 4 9 8 1 8 9 4 13 16 
13 4 13 0 5 8 9 8 5 0 
13 4 17 12 9 8 9 12 17 4 
13 6 1 18 17 18 1 6 13 2 
13 6 5 10 1 18 1 10 5 6 
13 6 13 14 9 18 1 18 9 14 
13 6 17 6 13 18 1 2 1 18 
13 8 1 12 1 8 13 16 17 16 
13 8 5 4 5 8 13 0 9 0 
13 8 9 16 9 8 13 4 1 4 
13 8 17 0 17 8 13 12 5 12 
13 10 1 6 5 18 5 6 1 10 
13 10 5 18 9 18 5 10 13 14 
13 10 9 10 13 18 5 14 5 18 
13 10 13 2 17 18 5 18 17 2 
13 12 5 12 13 8 17 0 17 8 
13 12 9 4 17 8 17 4 9 12 
13 12 13 16 1 8 17 8 1 16 
13 12 17 8 5 8 17 12 13 0 
13 14 1 14 13 18 9 6 9 18 
13 14 9 18 1 18 9 14 13 6 
13 14 13 10 5 18 9 18 5 10 
13 14 17 2 9 18 9 2 17 14 
13 16 1 8 17 8 1 16 13 12 
13 16 5 0 1 8 1 0 5 16 
13 16 13 4 9 8 1 8 9 4 
13 16 17 16 13 8 1 12 1 8 
13 18 1 2 1 18 13 6 17 6 
13 18 5 14 5 18 13 10 9 10 
13 18 9 6 9 18 13 14 1 14 
13 18 17 10 17 18 13 2 5 2 
14 1 2 17 6 9 6 17 2 1 
14 1 6 9 10 9 6 1 14 5 
14 1 10 1 14 9 6 5 6 9 
14 1 14 13 18 9 6 9 18 13 
14 3 6 3 14 19 18 11 18 19 
14 3 10 15 18 19 18 15 10 3 
14 3 14 7 2 19 18 19 2 7 
14 3 18 19 6 19 18 3 14 11 
14 5 2 5 14 9 10 17 10 9 
14 5 10 9 2 9 10 5 14 17 
14 5 14 1 6 9 10 9 6 1 
14 5 18 13 10 9 10 13 18 5 
14 7 2 19 18 19 2 7 14 3 
14 7 6 11 2 19 2 11 6 7 
14 7 14 15 10 19 2 19 10 15 
14 7 18 7 14 19 2 3 2 19 
14 9 2 13 2 9 14 17 18 17 
14 9 6 5 6 9 14 1 10 1 
14 9 10 17 10 9 14 5 2 5 
14 9 18 1 18 9 14 13 6 13 
14 11 2 7 6 19 6 7 2 11 
14 11 6 19 10 19 6 11 14 15 
14 11 10 11 14 19 6 15 6 19 
14 11 14 3 18 19 6 19 18 3 
14 13 6 13 14 9 18 1 18 9 
14 13 10 5 18 9 18 5 10 13 
14 13 14 17 2 9 18 9 2 17 
14 13 18 9 6 9 18 13 14 1 
14 15 2 15 14 19 10 7 10 19 
14 15 10 19 2 19 10 15 14 7 
14 15 14 11 6 19 10 19 6 11 
14 15 18 3 10 19 10 3 18 15 
14 17 2 9 18 9 2 17 14 13 
14 17 6 1 2 9 2 1 6 17 
14 17 14 5 10 9 2 9 10 5 
14 17 18 17 14 9 2 13 2 9 
14 19 2 3 2 19 14 7 18 7 
14 19 6 15 6 19 14 11 10 11 
14 19 10 7 10 19 14 15 2 15 
14 19 18 11 18 19 14 3 6 3 
15 0 3 4 3 0 15 8 19 8 
15 0 7 16 7 0 15 12 11 12 
15 0 11 8 11 0 15 16 3 16 
15 0 19 12 19 0 15 4 7 4 
15 2 3 18 7 10 7 18 3 2 
15 2 7 10 11 10 7 2 15 6 
15 2 11 2 15 10 7 6 7 10 
15 2 15 14 19 10 7 10 19 14 
15 4 7 4 15 0 19 12 19 0 
15 4 11 16 19 0 19 16 11 4 
15 4 15 8 3 0 19 0 3 8 
15 4 19 0 7 0 19 4 15 12 
15 6 3 6 15 10 11 18 11 10 
15 6 11 10 3 10 11 6 15 18 
15 6 15 2 7 10 11 10 7 2 
15 6 19 14 11 10 11 14 19 6 
15 8 3 0 19 0 3 8 15 4 
15 8 7 12 3 0 3 12 7 8 
15 8 15 16 11 0 3 0 11 16 
15 8 19 8 15 0 3 4 3 0 
15 10 3 14 3 10 15 18 19 18 
15 10 7 6 7 10 15 2 11 2 
15 10 11 18 11 10 15 6 3 6 
15 10 19 2 19 10 15 14 7 14 
15 12 3 8 7 0 7 8 3 12 
15 12 7 0 11 0 7 12 15 16 
15 12 11 12 15 0 7 16 7 0 
15 12 15 4 19 0 7 0 19 4 
15 14 7 14 15 10 19 2 19 10 
15 14 11 6 19 10 19 6 11 14 
15 14 15 18 3 10 19 10 3 18 
15 14 19 10 7 10 19 14 15 2 
15 16 3 16 15 0 11 8 11 0 
15 16 11 0 3 0 11 16 15 8 
15 16 15 12 7 0 11 0 7 12 
15 16 19 4 11 0 11 4 19 16 
15 18 3 10 19 10 3 18 15 14 
15 18 7 2 3 10 3 2 7 18 
15 18 15 6 11 10 3 10 11 6 
15 18 19 18 15 10 3 14 3 10 
16 1 0 13 0 1 16 5 8 5 
16 1 4 5 4 1 16 9 0 9 
16 1 8 17 8 1 16 13 12 13 
16 1 12 9 12 1 16 17 4 17 
16 3 4 19 8 11 8 19 4 3 
16 3 8 11 12 11 8 3 16 7 
16 3 12 3 16 11 8 7 8 11 
16 3 16 15 0 11 8 11 0 15 
16 5 0 1 8 1 0 5 16 13 
16 5 8 5 16 1 0 13 0 1 
16 5 12 17 0 1 0 17 12 5 
16 5 16 9 4 1 0 1 4 9 
16 7 0 15 12 11 12 15 0 7 
16 7 4 7 16 11 12 19 12 11 
16 7 12 11 4 11 12 7 16 19 
16 7 16 3 8 11 12 11 8 3 
16 9 0 9 16 1 4 5 4 1 
16 9 4 1 0 1 4 9 16 5 
16 9 8 13 4 1 4 13 8 9 
16 9 16 17 12 1 4 1 12 17 
16 11 0 3 0 11 16 15 8 15 
16 11 4 15 4 11 16 19 0 19 
16 11 8 7 8 11 16 3 12 3 
16 11 12 19 12 11 16 7 4 7 
16 13 4 9 8 1 8 9 4 13 
16 13 8 1 12 1 8 13 16 17 
16 13 12 13 16 1 8 17 8 1 
16 13 16 5 0 1 8 1 0 5 
16 15 0 11 8 11 0 15 16 3 
16 15 8 15 16 11 0 3 0 11 
16 15 12 7 0 11 0 7 12 15 
16 15 16 19 4 11 0 11 4 19 
16 17 0 5 12 1 12 5 0 17 
16 17 4 17 16 1 12 9 12 1 
16 17 12 1 4 1 12 17 16 9 
16 17 16 13 8 1 12 1 8 13 
16 19 0 19 16 11 4 15 4 11 
16 19 4 11 0 11 4 19 16 15 
16 19 8 3 4 11 4 3 8 19 
16 19 16 7 12 11 4 11 12 7 
17 0 1 0 17 12 5 16 5 12 
17 0 5 12 1 12 5 0 17 16 
17 0 9 4 5 12 5 4 9 0 
17 0 17 8 13 12 5 12 13 8 
17 2 1 14 1 2 17 6 9 6 
17 2 5 6 5 2 17 10 1 10 
17 2 9 18 9 2 17 14 13 14 
17 2 13 10 13 2 17 18 5 18 
17 4 5 0 9 12 9 0 5 4 
17 4 9 12 13 12 9 4 17 8 
17 4 13 4 17 12 9 8 9 12 
17 4 17 16 1 12 9 12 1 16 
17 6 1 2 9 2 1 6 17 14 
17 6 9 6 17 2 1 14 1 2 
17 6 13 18 1 2 1 18 13 6 
17 6 17 10 5 2 1 2 5 10 
17 8 1 16 13 12 13 16 1 8 
17 8 5 8 17 12 13 0 13 12 
17 8 13 12 5 12 13 8 17 0 
17 8 17 4 9 12 13 12 9 4 
17 10 1 10 17 2 5 6 5 2 
17 10 5 2 1 2 5 10 17 6 
17 10 9 14 5 2 5 14 9 10 
17 10 17 18 13 2 5 2 13 18 
17 12 1 4 1 12 17 16 9 16 
17 12 5 16 5 12 17 0 1 0 
17 12 9 8 9 12 17 4 13 4 
17 12 13 0 13 12 17 8 5 8 
17 14 5 10 9 2 9 10 5 14 
17 14 9 2 13 2 9 14 17 18 
17 14 13 14 17 2 9 18 9 2 
17 14 17 6 1 2 9 2 1 6 
17 16 1 12 9 12 1 16 17 4 
17 16 9 16 17 12 1 4 1 12 
17 16 13 8 1 12 1 8 13 16 
17 16 17 0 5 12 1 12 5 0 
17 18 1 6 13 2 13 6 1 18 
17 18 5 18 17 2 13 10 13 2 
17 18 13 2 5 2 13 18 17 10 
17 18 17 14 9 2 13 2 9 14 
18 1 2 1 18 13 6 17 6 13 
18 1 6 13 2 13 6 1 18 17 
18 1 10 5 6 13 6 5 10 1 
18 1 18 9 14 13 6 13 14 9 
18 3 2 15 2 3 18 7 10 7 
18 3 6 7 6 3 18 11 2 11 
18 3 10 19 10 3 18 15 14 15 
18 3 14 11 14 3 18 19 6 19 
18 5 6 1 10 13 10 1 6 5 
18 5 10 13 14 13 10 5 18 9 
18 5 14 5 18 13 10 9 10 13 
18 5 18 17 2 13 10 13 2 17 
18 7 2 3 10 3 2 7 18 15 
18 7 10 7 18 3 2 15 2 3 
18 7 14 19 2 3 2 19 14 7 
18 7 18 11 6 3 2 3 6 11 
18 9 2 17 14 13 14 17 2 9 
18 9 6 9 18 13 14 1 14 13 
18 9 14 13 6 13 14 9 18 1 
18 9 18 5 10 13 14 13 10 5 
18 11 2 11 18 3 6 7 6 3 
18 11 6 3 2 3 6 11 18 7 
18 11 10 15 6 3 6 15 10 11 
18 11 18 19 14 3 6 3 14 19 
18 13 2 5 2 13 18 17 10 17 
18 13 6 17 6 13 18 1 2 1 
18 13 10 9 10 13 18 5 14 5 
18 13 14 1 14 13 18 9 6 9 
18 15 6 11 10 3 10 11 6 15 
18 15 10 3 14 3 10 15 18 19 
18 15 14 15 18 3 10 19 10 3 
18 15 18 7 2 3 10 3 2 7 
18 17 2 13 10 13 2 17 18 5 
18 17 10 17 18 13 2 5 2 13 
18 17 14 9 2 13 2 9 14 17 
18 17 18 1 6 13 2 13 6 1 
18 19 2 7 14 3 14 7 2 19 
18 19 6 19 18 3 14 11 14 3 
18 19 14 3 6 3 14 19 18 11 
18 19 18 15 10 3 14 3 10 15 
19 0 3 8 15 4 15 8 3 0 
19 0 7 0 19 4 15 12 15 4 
19 0 15 4 7 4 15 0 19 12 
19 0 19 16 11 4 15 4 11 16 
19 2 3 2 19 14 7 18 7 14 
19 2 7 14 3 14 7 2 19 18 
19 2 11 6 7 14 7 6 11 2 
19 2 19 10 15 14 7 14 15 10 
19 4 3 16 3 4 19 8 11 8 
19 4 7 8 7 4 19 12 3 12 
19 4 11 0 11 4 19 16 15 16 
19 4 15 12 15 4 19 0 7 0 
19 6 7 2 11 14 11 2 7 6 
19 6 11 14 15 14 11 6 19 10 
19 6 15 6 19 14 11 10 11 14 
19 6 19 18 3 14 11 14 3 18 
19 8 3 4 11 4 3 8 19 16 
19 8 11 8 19 4 3 16 3 4 
19 8 15 0 3 4 3 0 15 8 
19 8 19 12 7 4 3 4 7 12 
19 10 3 18 15 14 15 18 3 10 
19 10 7 10 19 14 15 2 15 14 
19 10 15 14 7 14 15 10 19 2 
19 10 19 6 11 14 15 14 11 6 
19 12 3 12 19 4 7 8 7 4 
19 12 7 4 3 4 7 12 19 8 
19 12 11 16 7 4 7 16 11 12 
19 12 19 0 15 4 7 4 15 0 
19 14 3 6 3 14 19 18 11 18 
19 14 7 18 7 14 19 2 3 2 
19 14 11 10 11 14 19 6 15 6 
19 14 15 2 15 14 19 10 7 10 
19 16 7 12 11 4 11 12 7 16 
19 16 11 4 15 4 11 16 19 0 
19 16 15 16 19 4 11 0 11 4 
19 16 19 8 3 4 11 4 3 8 
19 18 3 14 11 14 3 18 19 6 
19 18 11 18 19 14 3 6 3 14 
19 18 15 10 3 14 3 10 15 18 
19 18 19 2 7 14 3 14 7 2 
