0 0 4 12 4 
0 0 8 4 8 
0 0 12 16 12 
0 0 16 8 16 
0 4 0 8 8 
0 4 4 0 12 
0 4 12 4 0 
0 4 16 16 4 
0 8 0 16 16 
0 8 4 8 0 
0 8 8 0 4 
0 8 12 12 8 
0 12 0 4 4 
0 12 8 8 12 
0 12 12 0 16 
0 12 16 12 0 
0 16 0 12 12 
0 16 4 4 16 
0 16 8 16 0 
0 16 16 0 8 
1 1 5 13 5 
1 1 9 5 9 
1 1 13 17 13 
1 1 17 9 17 
1 5 1 9 9 
1 5 5 1 13 
1 5 13 5 1 
1 5 17 17 5 
1 9 1 17 17 
1 9 5 9 1 
1 9 9 1 5 
1 9 13 13 9 
1 13 1 5 5 
1 13 9 9 13 
1 13 13 1 17 
1 13 17 13 1 
1 17 1 13 13 
1 17 5 5 17 
1 17 9 17 1 
1 17 17 1 9 
2 2 6 14 6 
2 2 10 6 10 
2 2 14 18 14 
2 2 18 10 18 
2 6 2 10 10 
2 6 6 2 14 
2 6 14 6 2 
2 6 18 18 6 
2 10 2 18 18 
2 10 6 10 2 
2 10 10 2 6 
2 10 14 14 10 
2 14 2 6 6 
2 14 10 10 14 
2 14 14 2 18 
2 14 18 14 2 
2 18 2 14 14 
2 18 6 6 18 
2 18 10 18 2 
2 18 18 2 10 
3 3 7 15 7 
3 3 11 7 11 
3 3 15 19 15 
3 3 19 11 19 
3 7 3 11 11 
3 7 7 3 15 
3 7 15 7 3 
3 7 19 19 7 
3 11 3 19 19 
3 11 7 11 3 
3 11 11 3 7 
3 11 15 15 11 
3 15 3 7 7 
3 15 11 11 15 
3 15 15 3 19 
3 15 19 15 3 
3 19 3 15 15 
3 19 7 7 19 
3 19 11 19 3 
3 19 19 3 11 
4 0 0 4 12 
4 0 4 16 16 
4 0 8 8 0 
4 0 12 0 4 
4 4 0 12 0 
4 4 8 16 8 
4 4 12 8 12 
4 4 16 0 16 
4 8 0 0 8 
4 8 4 12 12 
4 8 8 4 16 
4 8 16 8 4 
4 12 4 0 0 
4 12 8 12 4 
4 12 12 4 8 
4 12 16 16 12 
4 16 0 16 4 
4 16 4 8 8 
4 16 12 12 16 
4 16 16 4 0 
5 1 1 5 13 
5 1 5 17 17 
5 1 9 9 1 
5 1 13 1 5 
5 5 1 13 1 
5 5 9 17 9 
5 5 13 9 13 
5 5 17 1 17 
5 9 1 1 9 
5 9 5 13 13 
5 9 9 5 17 
5 9 17 9 5 
5 13 5 1 1 
5 13 9 13 5 
5 13 13 5 9 
5 13 17 17 13 
5 17 1 17 5 
5 17 5 9 9 
5 17 13 13 17 
5 17 17 5 1 
6 2 2 6 14 
6 2 6 18 18 
6 2 10 10 2 
6 2 14 2 6 
6 6 2 14 2 
6 6 10 18 10 
6 6 14 10 14 
6 6 18 2 18 
6 10 2 2 10 
6 10 6 14 14 
6 10 10 6 18 
6 10 18 10 6 
6 14 6 2 2 
6 14 10 14 6 
6 14 14 6 10 
6 14 18 18 14 
6 18 2 18 6 
6 18 6 10 10 
6 18 14 14 18 
6 18 18 6 2 
7 3 3 7 15 
7 3 7 19 19 
7 3 11 11 3 
7 3 15 3 7 
7 7 3 15 3 
7 7 11 19 11 
7 7 15 11 15 
7 7 19 3 19 
7 11 3 3 11 
7 11 7 15 15 
7 11 11 7 19 
7 11 19 11 7 
7 15 7 3 3 
7 15 11 15 7 
7 15 15 7 11 
7 15 19 19 15 
7 19 3 19 7 
7 19 7 11 11 
7 19 15 15 19 
7 19 19 7 3 
8 0 0 8 4 
8 0 4 0 8 
8 0 8 12 12 
8 0 16 16 0 
8 4 4 8 16 
8 4 8 0 0 
8 4 12 12 4 
8 4 16 4 8 
8 8 0 4 0 
8 8 4 16 4 
8 8 12 0 12 
8 8 16 12 16 
8 12 0 12 8 
8 12 4 4 12 
8 12 8 16 16 
8 12 12 8 0 
8 16 0 0 16 
8 16 8 4 4 
8 16 12 16 8 
8 16 16 8 12 
9 1 1 9 5 
9 1 5 1 9 
9 1 9 13 13 
9 1 17 17 1 
9 5 5 9 17 
9 5 9 1 1 
9 5 13 13 5 
9 5 17 5 9 
9 9 1 5 1 
9 9 5 17 5 
9 9 13 1 13 
9 9 17 13 17 
9 13 1 13 9 
9 13 5 5 13 
9 13 9 17 17 
9 13 13 9 1 
9 17 1 1 17 
9 17 9 5 5 
9 17 13 17 9 
9 17 17 9 13 
10 2 2 10 6 
10 2 6 2 10 
10 2 10 14 14 
10 2 18 18 2 
10 6 6 10 18 
10 6 10 2 2 
10 6 14 14 6 
10 6 18 6 10 
10 10 2 6 2 
10 10 6 18 6 
10 10 14 2 14 
10 10 18 14 18 
10 14 2 14 10 
10 14 6 6 14 
10 14 10 18 18 
10 14 14 10 2 
10 18 2 2 18 
10 18 10 6 6 
10 18 14 18 10 
10 18 18 10 14 
11 3 3 11 7 
11 3 7 3 11 
11 3 11 15 15 
11 3 19 19 3 
11 7 7 11 19 
11 7 11 3 3 
11 7 15 15 7 
11 7 19 7 11 
11 11 3 7 3 
11 11 7 19 7 
11 11 15 3 15 
11 11 19 15 19 
11 15 3 15 11 
11 15 7 7 15 
11 15 11 19 19 
11 15 15 11 3 
11 19 3 3 19 
11 19 11 7 7 
11 19 15 19 11 
11 19 19 11 15 
12 0 0 12 16 
12 0 4 4 0 
12 0 12 8 8 
12 0 16 0 12 
12 4 0 0 4 
12 4 4 12 8 
12 4 8 4 12 
12 4 12 16 16 
12 8 0 8 12 
12 8 8 12 0 
12 8 12 4 4 
12 8 16 16 8 
12 12 0 16 0 
12 12 4 8 4 
12 12 8 0 8 
12 12 16 4 16 
12 16 4 16 12 
12 16 8 8 16 
12 16 12 0 0 
12 16 16 12 4 
13 1 1 13 17 
13 1 5 5 1 
13 1 13 9 9 
13 1 17 1 13 
13 5 1 1 5 
13 5 5 13 9 
13 5 9 5 13 
13 5 13 17 17 
13 9 1 9 13 
13 9 9 13 1 
13 9 13 5 5 
13 9 17 17 9 
13 13 1 17 1 
13 13 5 9 5 
13 13 9 1 9 
13 13 17 5 17 
13 17 5 17 13 
13 17 9 9 17 
13 17 13 1 1 
13 17 17 13 5 
14 2 2 14 18 
14 2 6 6 2 
14 2 14 10 10 
14 2 18 2 14 
14 6 2 2 6 
14 6 6 14 10 
14 6 10 6 14 
14 6 14 18 18 
14 10 2 10 14 
14 10 10 14 2 
14 10 14 6 6 
14 10 18 18 10 
14 14 2 18 2 
14 14 6 10 6 
14 14 10 2 10 
14 14 18 6 18 
14 18 6 18 14 
14 18 10 10 18 
14 18 14 2 2 
14 18 18 14 6 
15 3 3 15 19 
15 3 7 7 3 
15 3 15 11 11 
15 3 19 3 15 
15 7 3 3 7 
15 7 7 15 11 
15 7 11 7 15 
15 7 15 19 19 
15 11 3 11 15 
15 11 11 15 3 
15 11 15 7 7 
15 11 19 19 11 
15 15 3 19 3 
15 15 7 11 7 
15 15 11 3 11 
15 15 19 7 19 
15 19 7 19 15 
15 19 11 11 19 
15 19 15 3 3 
15 19 19 15 7 
16 0 0 16 8 
16 0 8 0 16 
16 0 12 12 0 
16 0 16 4 4 
16 4 0 4 16 
16 4 4 16 0 
16 4 8 8 4 
16 4 16 12 12 
16 8 4 4 8 
16 8 8 16 12 
16 8 12 8 16 
16 8 16 0 0 
16 12 0 0 12 
16 12 4 12 16 
16 12 12 16 4 
16 12 16 8 8 
16 16 0 8 0 
16 16 4 0 4 
16 16 8 12 8 
16 16 12 4 12 
17 1 1 17 9 
17 1 9 1 17 
17 1 13 13 1 
17 1 17 5 5 
17 5 1 5 17 
17 5 5 17 1 
17 5 9 9 5 
17 5 17 13 13 
17 9 5 5 9 
17 9 9 17 13 
17 9 13 9 17 
17 9 17 1 1 
17 13 1 1 13 
17 13 5 13 17 
17 13 13 17 5 
17 13 17 9 9 
17 17 1 9 1 
17 17 5 1 5 
17 17 9 13 9 
17 17 13 5 13 
18 2 2 18 10 
18 2 10 2 18 
18 2 14 14 2 
18 2 18 6 6 
18 6 2 6 18 
18 6 6 18 2 
18 6 10 10 6 
18 6 18 14 14 
18 10 6 6 10 
18 10 10 18 14 
18 10 14 10 18 
18 10 18 2 2 
18 14 2 2 14 
18 14 6 14 18 
18 14 14 18 6 
18 14 18 10 10 
18 18 2 10 2 
18 18 6 2 6 
18 18 10 14 10 
18 18 14 6 14 
19 3 3 19 11 
19 3 11 3 19 
19 3 15 15 3 
19 3 19 7 7 
19 7 3 7 19 
19 7 7 19 3 
19 7 11 11 7 
19 7 19 15 15 
19 11 7 7 11 
19 11 11 19 15 
19 11 15 11 19 
19 11 19 3 3 
19 15 3 3 15 
19 15 7 15 19 
19 15 15 19 7 
19 15 19 11 11 
19 19 3 11 3 
19 19 7 3 7 
19 19 11 15 11 
19 19 15 7 15 
