0 0 0 5 10 0 10 5 
0 0 0 15 10 0 10 15 
0 0 5 0 0 10 5 10 
0 0 5 10 0 10 5 0 
0 0 10 5 10 0 0 5 
0 0 10 15 10 0 0 15 
0 0 15 0 0 10 15 10 
0 0 15 10 0 10 15 0 
0 1 0 6 10 1 10 6 
0 1 0 16 10 1 10 16 
0 1 5 1 0 11 5 11 
0 1 5 11 0 11 5 1 
0 1 10 6 10 1 0 6 
0 1 10 16 10 1 0 16 
0 1 15 1 0 11 15 11 
0 1 15 11 0 11 15 1 
0 2 0 7 10 2 10 7 
0 2 0 17 10 2 10 17 
0 2 5 2 0 12 5 12 
0 2 5 12 0 12 5 2 
0 2 10 7 10 2 0 7 
0 2 10 17 10 2 0 17 
0 2 15 2 0 12 15 12 
0 2 15 12 0 12 15 2 
0 3 0 8 10 3 10 8 
0 3 0 18 10 3 10 18 
0 3 5 3 0 13 5 13 
0 3 5 13 0 13 5 3 
0 3 10 8 10 3 0 8 
0 3 10 18 10 3 0 18 
0 3 15 3 0 13 15 13 
0 3 15 13 0 13 15 3 
0 4 0 9 10 4 10 9 
0 4 0 19 10 4 10 19 
0 4 5 4 0 14 5 14 
0 4 5 14 0 14 5 4 
0 4 10 9 10 4 0 9 
0 4 10 19 10 4 0 19 
0 4 15 4 0 14 15 14 
0 4 15 14 0 14 15 4 
0 5 0 0 10 5 10 0 
0 5 0 10 10 5 10 10 
0 5 5 5 0 15 5 15 
0 5 5 15 0 15 5 5 
0 5 10 0 10 5 0 0 
0 5 10 10 10 5 0 10 
0 5 15 5 0 15 15 15 
0 5 15 15 0 15 15 5 
0 6 0 1 10 6 10 1 
0 6 0 11 10 6 10 11 
0 6 5 6 0 16 5 16 
0 6 5 16 0 16 5 6 
0 6 10 1 10 6 0 1 
0 6 10 11 10 6 0 11 
0 6 15 6 0 16 15 16 
0 6 15 16 0 16 15 6 
0 7 0 2 10 7 10 2 
0 7 0 12 10 7 10 12 
0 7 5 7 0 17 5 17 
0 7 5 17 0 17 5 7 
0 7 10 2 10 7 0 2 
0 7 10 12 10 7 0 12 
0 7 15 7 0 17 15 17 
0 7 15 17 0 17 15 7 
0 8 0 3 10 8 10 3 
0 8 0 13 10 8 10 13 
0 8 5 8 0 18 5 18 
0 8 5 18 0 18 5 8 
0 8 10 3 10 8 0 3 
0 8 10 13 10 8 0 13 
0 8 15 8 0 18 15 18 
0 8 15 18 0 18 15 8 
0 9 0 4 10 9 10 4 
0 9 0 14 10 9 10 14 
0 9 5 9 0 19 5 19 
0 9 5 19 0 19 5 9 
0 9 10 4 10 9 0 4 
0 9 10 14 10 9 0 14 
0 9 15 9 0 19 15 19 
0 9 15 19 0 19 15 9 
0 10 0 5 10 10 10 5 
0 10 0 15 10 10 10 15 
0 10 5 0 0 0 5 10 
0 10 5 10 0 0 5 0 
0 10 10 5 10 10 0 5 
0 10 10 15 10 10 0 15 
0 10 15 0 0 0 15 10 
0 10 15 10 0 0 15 0 
0 11 0 6 10 11 10 6 
0 11 0 16 10 11 10 16 
0 11 5 1 0 1 5 11 
0 11 5 11 0 1 5 1 
0 11 10 6 10 11 0 6 
0 11 10 16 10 11 0 16 
0 11 15 1 0 1 15 11 
0 11 15 11 0 1 15 1 
0 12 0 7 10 12 10 7 
0 12 0 17 10 12 10 17 
0 12 5 2 0 2 5 12 
0 12 5 12 0 2 5 2 
0 12 10 7 10 12 0 7 
0 12 10 17 10 12 0 17 
0 12 15 2 0 2 15 12 
0 12 15 12 0 2 15 2 
0 13 0 8 10 13 10 8 
0 13 0 18 10 13 10 18 
0 13 5 3 0 3 5 13 
0 13 5 13 0 3 5 3 
0 13 10 8 10 13 0 8 
0 13 10 18 10 13 0 18 
0 13 15 3 0 3 15 13 
0 13 15 13 0 3 15 3 
0 14 0 9 10 14 10 9 
0 14 0 19 10 14 10 19 
0 14 5 4 0 4 5 14 
0 14 5 14 0 4 5 4 
0 14 10 9 10 14 0 9 
0 14 10 19 10 14 0 19 
0 14 15 4 0 4 15 14 
0 14 15 14 0 4 15 4 
0 15 0 0 10 15 10 0 
0 15 0 10 10 15 10 10 
0 15 5 5 0 5 5 15 
0 15 5 15 0 5 5 5 
0 15 10 0 10 15 0 0 
0 15 10 10 10 15 0 10 
0 15 15 5 0 5 15 15 
0 15 15 15 0 5 15 5 
0 16 0 1 10 16 10 1 
0 16 0 11 10 16 10 11 
0 16 5 6 0 6 5 16 
0 16 5 16 0 6 5 6 
0 16 10 1 10 16 0 1 
0 16 10 11 10 16 0 11 
0 16 15 6 0 6 15 16 
0 16 15 16 0 6 15 6 
0 17 0 2 10 17 10 2 
0 17 0 12 10 17 10 12 
0 17 5 7 0 7 5 17 
0 17 5 17 0 7 5 7 
0 17 10 2 10 17 0 2 
0 17 10 12 10 17 0 12 
0 17 15 7 0 7 15 17 
0 17 15 17 0 7 15 7 
0 18 0 3 10 18 10 3 
0 18 0 13 10 18 10 13 
0 18 5 8 0 8 5 18 
0 18 5 18 0 8 5 8 
0 18 10 3 10 18 0 3 
0 18 10 13 10 18 0 13 
0 18 15 8 0 8 15 18 
0 18 15 18 0 8 15 8 
0 19 0 4 10 19 10 4 
0 19 0 14 10 19 10 14 
0 19 5 9 0 9 5 19 
0 19 5 19 0 9 5 9 
0 19 10 4 10 19 0 4 
0 19 10 14 10 19 0 14 
0 19 15 9 0 9 15 19 
0 19 15 19 0 9 15 9 
1 0 1 5 11 0 11 5 
1 0 1 15 11 0 11 15 
1 0 6 0 1 10 6 10 
1 0 6 10 1 10 6 0 
1 0 11 5 11 0 1 5 
1 0 11 15 11 0 1 15 
1 0 16 0 1 10 16 10 
1 0 16 10 1 10 16 0 
1 1 1 6 11 1 11 6 
1 1 1 16 11 1 11 16 
1 1 6 1 1 11 6 11 
1 1 6 11 1 11 6 1 
1 1 11 6 11 1 1 6 
1 1 11 16 11 1 1 16 
1 1 16 1 1 11 16 11 
1 1 16 11 1 11 16 1 
1 2 1 7 11 2 11 7 
1 2 1 17 11 2 11 17 
1 2 6 2 1 12 6 12 
1 2 6 12 1 12 6 2 
1 2 11 7 11 2 1 7 
1 2 11 17 11 2 1 17 
1 2 16 2 1 12 16 12 
1 2 16 12 1 12 16 2 
1 3 1 8 11 3 11 8 
1 3 1 18 11 3 11 18 
1 3 6 3 1 13 6 13 
1 3 6 13 1 13 6 3 
1 3 11 8 11 3 1 8 
1 3 11 18 11 3 1 18 
1 3 16 3 1 13 16 13 
1 3 16 13 1 13 16 3 
1 4 1 9 11 4 11 9 
1 4 1 19 11 4 11 19 
1 4 6 4 1 14 6 14 
1 4 6 14 1 14 6 4 
1 4 11 9 11 4 1 9 
1 4 11 19 11 4 1 19 
1 4 16 4 1 14 16 14 
1 4 16 14 1 14 16 4 
1 5 1 0 11 5 11 0 
1 5 1 10 11 5 11 10 
1 5 6 5 1 15 6 15 
1 5 6 15 1 15 6 5 
1 5 11 0 11 5 1 0 
1 5 11 10 11 5 1 10 
1 5 16 5 1 15 16 15 
1 5 16 15 1 15 16 5 
1 6 1 1 11 6 11 1 
1 6 1 11 11 6 11 11 
1 6 6 6 1 16 6 16 
1 6 6 16 1 16 6 6 
1 6 11 1 11 6 1 1 
1 6 11 11 11 6 1 11 
1 6 16 6 1 16 16 16 
1 6 16 16 1 16 16 6 
1 7 1 2 11 7 11 2 
1 7 1 12 11 7 11 12 
1 7 6 7 1 17 6 17 
1 7 6 17 1 17 6 7 
1 7 11 2 11 7 1 2 
1 7 11 12 11 7 1 12 
1 7 16 7 1 17 16 17 
1 7 16 17 1 17 16 7 
1 8 1 3 11 8 11 3 
1 8 1 13 11 8 11 13 
1 8 6 8 1 18 6 18 
1 8 6 18 1 18 6 8 
1 8 11 3 11 8 1 3 
1 8 11 13 11 8 1 13 
1 8 16 8 1 18 16 18 
1 8 16 18 1 18 16 8 
1 9 1 4 11 9 11 4 
1 9 1 14 11 9 11 14 
1 9 6 9 1 19 6 19 
1 9 6 19 1 19 6 9 
1 9 11 4 11 9 1 4 
1 9 11 14 11 9 1 14 
1 9 16 9 1 19 16 19 
1 9 16 19 1 19 16 9 
1 10 1 5 11 10 11 5 
1 10 1 15 11 10 11 15 
1 10 6 0 1 0 6 10 
1 10 6 10 1 0 6 0 
1 10 11 5 11 10 1 5 
1 10 11 15 11 10 1 15 
1 10 16 0 1 0 16 10 
1 10 16 10 1 0 16 0 
1 11 1 6 11 11 11 6 
1 11 1 16 11 11 11 16 
1 11 6 1 1 1 6 11 
1 11 6 11 1 1 6 1 
1 11 11 6 11 11 1 6 
1 11 11 16 11 11 1 16 
1 11 16 1 1 1 16 11 
1 11 16 11 1 1 16 1 
1 12 1 7 11 12 11 7 
1 12 1 17 11 12 11 17 
1 12 6 2 1 2 6 12 
1 12 6 12 1 2 6 2 
1 12 11 7 11 12 1 7 
1 12 11 17 11 12 1 17 
1 12 16 2 1 2 16 12 
1 12 16 12 1 2 16 2 
1 13 1 8 11 13 11 8 
1 13 1 18 11 13 11 18 
1 13 6 3 1 3 6 13 
1 13 6 13 1 3 6 3 
1 13 11 8 11 13 1 8 
1 13 11 18 11 13 1 18 
1 13 16 3 1 3 16 13 
1 13 16 13 1 3 16 3 
1 14 1 9 11 14 11 9 
1 14 1 19 11 14 11 19 
1 14 6 4 1 4 6 14 
1 14 6 14 1 4 6 4 
1 14 11 9 11 14 1 9 
1 14 11 19 11 14 1 19 
1 14 16 4 1 4 16 14 
1 14 16 14 1 4 16 4 
1 15 1 0 11 15 11 0 
1 15 1 10 11 15 11 10 
1 15 6 5 1 5 6 15 
1 15 6 15 1 5 6 5 
1 15 11 0 11 15 1 0 
1 15 11 10 11 15 1 10 
1 15 16 5 1 5 16 15 
1 15 16 15 1 5 16 5 
1 16 1 1 11 16 11 1 
1 16 1 11 11 16 11 11 
1 16 6 6 1 6 6 16 
1 16 6 16 1 6 6 6 
1 16 11 1 11 16 1 1 
1 16 11 11 11 16 1 11 
1 16 16 6 1 6 16 16 
1 16 16 16 1 6 16 6 
1 17 1 2 11 17 11 2 
1 17 1 12 11 17 11 12 
1 17 6 7 1 7 6 17 
1 17 6 17 1 7 6 7 
1 17 11 2 11 17 1 2 
1 17 11 12 11 17 1 12 
1 17 16 7 1 7 16 17 
1 17 16 17 1 7 16 7 
1 18 1 3 11 18 11 3 
1 18 1 13 11 18 11 13 
1 18 6 8 1 8 6 18 
1 18 6 18 1 8 6 8 
1 18 11 3 11 18 1 3 
1 18 11 13 11 18 1 13 
1 18 16 8 1 8 16 18 
1 18 16 18 1 8 16 8 
1 19 1 4 11 19 11 4 
1 19 1 14 11 19 11 14 
1 19 6 9 1 9 6 19 
1 19 6 19 1 9 6 9 
1 19 11 4 11 19 1 4 
1 19 11 14 11 19 1 14 
1 19 16 9 1 9 16 19 
1 19 16 19 1 9 16 9 
2 0 2 5 12 0 12 5 
2 0 2 15 12 0 12 15 
2 0 7 0 2 10 7 10 
2 0 7 10 2 10 7 0 
2 0 12 5 12 0 2 5 
2 0 12 15 12 0 2 15 
2 0 17 0 2 10 17 10 
2 0 17 10 2 10 17 0 
2 1 2 6 12 1 12 6 
2 1 2 16 12 1 12 16 
2 1 7 1 2 11 7 11 
2 1 7 11 2 11 7 1 
2 1 12 6 12 1 2 6 
2 1 12 16 12 1 2 16 
2 1 17 1 2 11 17 11 
2 1 17 11 2 11 17 1 
2 2 2 7 12 2 12 7 
2 2 2 17 12 2 12 17 
2 2 7 2 2 12 7 12 
2 2 7 12 2 12 7 2 
2 2 12 7 12 2 2 7 
2 2 12 17 12 2 2 17 
2 2 17 2 2 12 17 12 
2 2 17 12 2 12 17 2 
2 3 2 8 12 3 12 8 
2 3 2 18 12 3 12 18 
2 3 7 3 2 13 7 13 
2 3 7 13 2 13 7 3 
2 3 12 8 12 3 2 8 
2 3 12 18 12 3 2 18 
2 3 17 3 2 13 17 13 
2 3 17 13 2 13 17 3 
2 4 2 9 12 4 12 9 
2 4 2 19 12 4 12 19 
2 4 7 4 2 14 7 14 
2 4 7 14 2 14 7 4 
2 4 12 9 12 4 2 9 
2 4 12 19 12 4 2 19 
2 4 17 4 2 14 17 14 
2 4 17 14 2 14 17 4 
2 5 2 0 12 5 12 0 
2 5 2 10 12 5 12 10 
2 5 7 5 2 15 7 15 
2 5 7 15 2 15 7 5 
2 5 12 0 12 5 2 0 
2 5 12 10 12 5 2 10 
2 5 17 5 2 15 17 15 
2 5 17 15 2 15 17 5 
2 6 2 1 12 6 12 1 
2 6 2 11 12 6 12 11 
2 6 7 6 2 16 7 16 
2 6 7 16 2 16 7 6 
2 6 12 1 12 6 2 1 
2 6 12 11 12 6 2 11 
2 6 17 6 2 16 17 16 
2 6 17 16 2 16 17 6 
2 7 2 2 12 7 12 2 
2 7 2 12 12 7 12 12 
2 7 7 7 2 17 7 17 
2 7 7 17 2 17 7 7 
2 7 12 2 12 7 2 2 
2 7 12 12 12 7 2 12 
2 7 17 7 2 17 17 17 
2 7 17 17 2 17 17 7 
2 8 2 3 12 8 12 3 
2 8 2 13 12 8 12 13 
2 8 7 8 2 18 7 18 
2 8 7 18 2 18 7 8 
2 8 12 3 12 8 2 3 
2 8 12 13 12 8 2 13 
2 8 17 8 2 18 17 18 
2 8 17 18 2 18 17 8 
2 9 2 4 12 9 12 4 
2 9 2 14 12 9 12 14 
2 9 7 9 2 19 7 19 
2 9 7 19 2 19 7 9 
2 9 12 4 12 9 2 4 
2 9 12 14 12 9 2 14 
2 9 17 9 2 19 17 19 
2 9 17 19 2 19 17 9 
2 10 2 5 12 10 12 5 
2 10 2 15 12 10 12 15 
2 10 7 0 2 0 7 10 
2 10 7 10 2 0 7 0 
2 10 12 5 12 10 2 5 
2 10 12 15 12 10 2 15 
2 10 17 0 2 0 17 10 
2 10 17 10 2 0 17 0 
2 11 2 6 12 11 12 6 
2 11 2 16 12 11 12 16 
2 11 7 1 2 1 7 11 
2 11 7 11 2 1 7 1 
2 11 12 6 12 11 2 6 
2 11 12 16 12 11 2 16 
2 11 17 1 2 1 17 11 
2 11 17 11 2 1 17 1 
2 12 2 7 12 12 12 7 
2 12 2 17 12 12 12 17 
2 12 7 2 2 2 7 12 
2 12 7 12 2 2 7 2 
2 12 12 7 12 12 2 7 
2 12 12 17 12 12 2 17 
2 12 17 2 2 2 17 12 
2 12 17 12 2 2 17 2 
2 13 2 8 12 13 12 8 
2 13 2 18 12 13 12 18 
2 13 7 3 2 3 7 13 
2 13 7 13 2 3 7 3 
2 13 12 8 12 13 2 8 
2 13 12 18 12 13 2 18 
2 13 17 3 2 3 17 13 
2 13 17 13 2 3 17 3 
2 14 2 9 12 14 12 9 
2 14 2 19 12 14 12 19 
2 14 7 4 2 4 7 14 
2 14 7 14 2 4 7 4 
2 14 12 9 12 14 2 9 
2 14 12 19 12 14 2 19 
2 14 17 4 2 4 17 14 
2 14 17 14 2 4 17 4 
2 15 2 0 12 15 12 0 
2 15 2 10 12 15 12 10 
2 15 7 5 2 5 7 15 
2 15 7 15 2 5 7 5 
2 15 12 0 12 15 2 0 
2 15 12 10 12 15 2 10 
2 15 17 5 2 5 17 15 
2 15 17 15 2 5 17 5 
2 16 2 1 12 16 12 1 
2 16 2 11 12 16 12 11 
2 16 7 6 2 6 7 16 
2 16 7 16 2 6 7 6 
2 16 12 1 12 16 2 1 
2 16 12 11 12 16 2 11 
2 16 17 6 2 6 17 16 
2 16 17 16 2 6 17 6 
2 17 2 2 12 17 12 2 
2 17 2 12 12 17 12 12 
2 17 7 7 2 7 7 17 
2 17 7 17 2 7 7 7 
2 17 12 2 12 17 2 2 
2 17 12 12 12 17 2 12 
2 17 17 7 2 7 17 17 
2 17 17 17 2 7 17 7 
2 18 2 3 12 18 12 3 
2 18 2 13 12 18 12 13 
2 18 7 8 2 8 7 18 
2 18 7 18 2 8 7 8 
2 18 12 3 12 18 2 3 
2 18 12 13 12 18 2 13 
2 18 17 8 2 8 17 18 
2 18 17 18 2 8 17 8 
2 19 2 4 12 19 12 4 
2 19 2 14 12 19 12 14 
2 19 7 9 2 9 7 19 
2 19 7 19 2 9 7 9 
2 19 12 4 12 19 2 4 
2 19 12 14 12 19 2 14 
2 19 17 9 2 9 17 19 
2 19 17 19 2 9 17 9 
3 0 3 5 13 0 13 5 
3 0 3 15 13 0 13 15 
3 0 8 0 3 10 8 10 
3 0 8 10 3 10 8 0 
3 0 13 5 13 0 3 5 
3 0 13 15 13 0 3 15 
3 0 18 0 3 10 18 10 
3 0 18 10 3 10 18 0 
3 1 3 6 13 1 13 6 
3 1 3 16 13 1 13 16 
3 1 8 1 3 11 8 11 
3 1 8 11 3 11 8 1 
3 1 13 6 13 1 3 6 
3 1 13 16 13 1 3 16 
3 1 18 1 3 11 18 11 
3 1 18 11 3 11 18 1 
3 2 3 7 13 2 13 7 
3 2 3 17 13 2 13 17 
3 2 8 2 3 12 8 12 
3 2 8 12 3 12 8 2 
3 2 13 7 13 2 3 7 
3 2 13 17 13 2 3 17 
3 2 18 2 3 12 18 12 
3 2 18 12 3 12 18 2 
3 3 3 8 13 3 13 8 
3 3 3 18 13 3 13 18 
3 3 8 3 3 13 8 13 
3 3 8 13 3 13 8 3 
3 3 13 8 13 3 3 8 
3 3 13 18 13 3 3 18 
3 3 18 3 3 13 18 13 
3 3 18 13 3 13 18 3 
3 4 3 9 13 4 13 9 
3 4 3 19 13 4 13 19 
3 4 8 4 3 14 8 14 
3 4 8 14 3 14 8 4 
3 4 13 9 13 4 3 9 
3 4 13 19 13 4 3 19 
3 4 18 4 3 14 18 14 
3 4 18 14 3 14 18 4 
3 5 3 0 13 5 13 0 
3 5 3 10 13 5 13 10 
3 5 8 5 3 15 8 15 
3 5 8 15 3 15 8 5 
3 5 13 0 13 5 3 0 
3 5 13 10 13 5 3 10 
3 5 18 5 3 15 18 15 
3 5 18 15 3 15 18 5 
3 6 3 1 13 6 13 1 
3 6 3 11 13 6 13 11 
3 6 8 6 3 16 8 16 
3 6 8 16 3 16 8 6 
3 6 13 1 13 6 3 1 
3 6 13 11 13 6 3 11 
3 6 18 6 3 16 18 16 
3 6 18 16 3 16 18 6 
3 7 3 2 13 7 13 2 
3 7 3 12 13 7 13 12 
3 7 8 7 3 17 8 17 
3 7 8 17 3 17 8 7 
3 7 13 2 13 7 3 2 
3 7 13 12 13 7 3 12 
3 7 18 7 3 17 18 17 
3 7 18 17 3 17 18 7 
3 8 3 3 13 8 13 3 
3 8 3 13 13 8 13 13 
3 8 8 8 3 18 8 18 
3 8 8 18 3 18 8 8 
3 8 13 3 13 8 3 3 
3 8 13 13 13 8 3 13 
3 8 18 8 3 18 18 18 
3 8 18 18 3 18 18 8 
3 9 3 4 13 9 13 4 
3 9 3 14 13 9 13 14 
3 9 8 9 3 19 8 19 
3 9 8 19 3 19 8 9 
3 9 13 4 13 9 3 4 
3 9 13 14 13 9 3 14 
3 9 18 9 3 19 18 19 
3 9 18 19 3 19 18 9 
3 10 3 5 13 10 13 5 
3 10 3 15 13 10 13 15 
3 10 8 0 3 0 8 10 
3 10 8 10 3 0 8 0 
3 10 13 5 13 10 3 5 
3 10 13 15 13 10 3 15 
3 10 18 0 3 0 18 10 
3 10 18 10 3 0 18 0 
3 11 3 6 13 11 13 6 
3 11 3 16 13 11 13 16 
3 11 8 1 3 1 8 11 
3 11 8 11 3 1 8 1 
3 11 13 6 13 11 3 6 
3 11 13 16 13 11 3 16 
3 11 18 1 3 1 18 11 
3 11 18 11 3 1 18 1 
3 12 3 7 13 12 13 7 
3 12 3 17 13 12 13 17 
3 12 8 2 3 2 8 12 
3 12 8 12 3 2 8 2 
3 12 13 7 13 12 3 7 
3 12 13 17 13 12 3 17 
3 12 18 2 3 2 18 12 
3 12 18 12 3 2 18 2 
3 13 3 8 13 13 13 8 
3 13 3 18 13 13 13 18 
3 13 8 3 3 3 8 13 
3 13 8 13 3 3 8 3 
3 13 13 8 13 13 3 8 
3 13 13 18 13 13 3 18 
3 13 18 3 3 3 18 13 
3 13 18 13 3 3 18 3 
3 14 3 9 13 14 13 9 
3 14 3 19 13 14 13 19 
3 14 8 4 3 4 8 14 
3 14 8 14 3 4 8 4 
3 14 13 9 13 14 3 9 
3 14 13 19 13 14 3 19 
3 14 18 4 3 4 18 14 
3 14 18 14 3 4 18 4 
3 15 3 0 13 15 13 0 
3 15 3 10 13 15 13 10 
3 15 8 5 3 5 8 15 
3 15 8 15 3 5 8 5 
3 15 13 0 13 15 3 0 
3 15 13 10 13 15 3 10 
3 15 18 5 3 5 18 15 
3 15 18 15 3 5 18 5 
3 16 3 1 13 16 13 1 
3 16 3 11 13 16 13 11 
3 16 8 6 3 6 8 16 
3 16 8 16 3 6 8 6 
3 16 13 1 13 16 3 1 
3 16 13 11 13 16 3 11 
3 16 18 6 3 6 18 16 
3 16 18 16 3 6 18 6 
3 17 3 2 13 17 13 2 
3 17 3 12 13 17 13 12 
3 17 8 7 3 7 8 17 
3 17 8 17 3 7 8 7 
3 17 13 2 13 17 3 2 
3 17 13 12 13 17 3 12 
3 17 18 7 3 7 18 17 
3 17 18 17 3 7 18 7 
3 18 3 3 13 18 13 3 
3 18 3 13 13 18 13 13 
3 18 8 8 3 8 8 18 
3 18 8 18 3 8 8 8 
3 18 13 3 13 18 3 3 
3 18 13 13 13 18 3 13 
3 18 18 8 3 8 18 18 
3 18 18 18 3 8 18 8 
3 19 3 4 13 19 13 4 
3 19 3 14 13 19 13 14 
3 19 8 9 3 9 8 19 
3 19 8 19 3 9 8 9 
3 19 13 4 13 19 3 4 
3 19 13 14 13 19 3 14 
3 19 18 9 3 9 18 19 
3 19 18 19 3 9 18 9 
4 0 4 5 14 0 14 5 
4 0 4 15 14 0 14 15 
4 0 9 0 4 10 9 10 
4 0 9 10 4 10 9 0 
4 0 14 5 14 0 4 5 
4 0 14 15 14 0 4 15 
4 0 19 0 4 10 19 10 
4 0 19 10 4 10 19 0 
4 1 4 6 14 1 14 6 
4 1 4 16 14 1 14 16 
4 1 9 1 4 11 9 11 
4 1 9 11 4 11 9 1 
4 1 14 6 14 1 4 6 
4 1 14 16 14 1 4 16 
4 1 19 1 4 11 19 11 
4 1 19 11 4 11 19 1 
4 2 4 7 14 2 14 7 
4 2 4 17 14 2 14 17 
4 2 9 2 4 12 9 12 
4 2 9 12 4 12 9 2 
4 2 14 7 14 2 4 7 
4 2 14 17 14 2 4 17 
4 2 19 2 4 12 19 12 
4 2 19 12 4 12 19 2 
4 3 4 8 14 3 14 8 
4 3 4 18 14 3 14 18 
4 3 9 3 4 13 9 13 
4 3 9 13 4 13 9 3 
4 3 14 8 14 3 4 8 
4 3 14 18 14 3 4 18 
4 3 19 3 4 13 19 13 
4 3 19 13 4 13 19 3 
4 4 4 9 14 4 14 9 
4 4 4 19 14 4 14 19 
4 4 9 4 4 14 9 14 
4 4 9 14 4 14 9 4 
4 4 14 9 14 4 4 9 
4 4 14 19 14 4 4 19 
4 4 19 4 4 14 19 14 
4 4 19 14 4 14 19 4 
4 5 4 0 14 5 14 0 
4 5 4 10 14 5 14 10 
4 5 9 5 4 15 9 15 
4 5 9 15 4 15 9 5 
4 5 14 0 14 5 4 0 
4 5 14 10 14 5 4 10 
4 5 19 5 4 15 19 15 
4 5 19 15 4 15 19 5 
4 6 4 1 14 6 14 1 
4 6 4 11 14 6 14 11 
4 6 9 6 4 16 9 16 
4 6 9 16 4 16 9 6 
4 6 14 1 14 6 4 1 
4 6 14 11 14 6 4 11 
4 6 19 6 4 16 19 16 
4 6 19 16 4 16 19 6 
4 7 4 2 14 7 14 2 
4 7 4 12 14 7 14 12 
4 7 9 7 4 17 9 17 
4 7 9 17 4 17 9 7 
4 7 14 2 14 7 4 2 
4 7 14 12 14 7 4 12 
4 7 19 7 4 17 19 17 
4 7 19 17 4 17 19 7 
4 8 4 3 14 8 14 3 
4 8 4 13 14 8 14 13 
4 8 9 8 4 18 9 18 
4 8 9 18 4 18 9 8 
4 8 14 3 14 8 4 3 
4 8 14 13 14 8 4 13 
4 8 19 8 4 18 19 18 
4 8 19 18 4 18 19 8 
4 9 4 4 14 9 14 4 
4 9 4 14 14 9 14 14 
4 9 9 9 4 19 9 19 
4 9 9 19 4 19 9 9 
4 9 14 4 14 9 4 4 
4 9 14 14 14 9 4 14 
4 9 19 9 4 19 19 19 
4 9 19 19 4 19 19 9 
4 10 4 5 14 10 14 5 
4 10 4 15 14 10 14 15 
4 10 9 0 4 0 9 10 
4 10 9 10 4 0 9 0 
4 10 14 5 14 10 4 5 
4 10 14 15 14 10 4 15 
4 10 19 0 4 0 19 10 
4 10 19 10 4 0 19 0 
4 11 4 6 14 11 14 6 
4 11 4 16 14 11 14 16 
4 11 9 1 4 1 9 11 
4 11 9 11 4 1 9 1 
4 11 14 6 14 11 4 6 
4 11 14 16 14 11 4 16 
4 11 19 1 4 1 19 11 
4 11 19 11 4 1 19 1 
4 12 4 7 14 12 14 7 
4 12 4 17 14 12 14 17 
4 12 9 2 4 2 9 12 
4 12 9 12 4 2 9 2 
4 12 14 7 14 12 4 7 
4 12 14 17 14 12 4 17 
4 12 19 2 4 2 19 12 
4 12 19 12 4 2 19 2 
4 13 4 8 14 13 14 8 
4 13 4 18 14 13 14 18 
4 13 9 3 4 3 9 13 
4 13 9 13 4 3 9 3 
4 13 14 8 14 13 4 8 
4 13 14 18 14 13 4 18 
4 13 19 3 4 3 19 13 
4 13 19 13 4 3 19 3 
4 14 4 9 14 14 14 9 
4 14 4 19 14 14 14 19 
4 14 9 4 4 4 9 14 
4 14 9 14 4 4 9 4 
4 14 14 9 14 14 4 9 
4 14 14 19 14 14 4 19 
4 14 19 4 4 4 19 14 
4 14 19 14 4 4 19 4 
4 15 4 0 14 15 14 0 
4 15 4 10 14 15 14 10 
4 15 9 5 4 5 9 15 
4 15 9 15 4 5 9 5 
4 15 14 0 14 15 4 0 
4 15 14 10 14 15 4 10 
4 15 19 5 4 5 19 15 
4 15 19 15 4 5 19 5 
4 16 4 1 14 16 14 1 
4 16 4 11 14 16 14 11 
4 16 9 6 4 6 9 16 
4 16 9 16 4 6 9 6 
4 16 14 1 14 16 4 1 
4 16 14 11 14 16 4 11 
4 16 19 6 4 6 19 16 
4 16 19 16 4 6 19 6 
4 17 4 2 14 17 14 2 
4 17 4 12 14 17 14 12 
4 17 9 7 4 7 9 17 
4 17 9 17 4 7 9 7 
4 17 14 2 14 17 4 2 
4 17 14 12 14 17 4 12 
4 17 19 7 4 7 19 17 
4 17 19 17 4 7 19 7 
4 18 4 3 14 18 14 3 
4 18 4 13 14 18 14 13 
4 18 9 8 4 8 9 18 
4 18 9 18 4 8 9 8 
4 18 14 3 14 18 4 3 
4 18 14 13 14 18 4 13 
4 18 19 8 4 8 19 18 
4 18 19 18 4 8 19 8 
4 19 4 4 14 19 14 4 
4 19 4 14 14 19 14 14 
4 19 9 9 4 9 9 19 
4 19 9 19 4 9 9 9 
4 19 14 4 14 19 4 4 
4 19 14 14 14 19 4 14 
4 19 19 9 4 9 19 19 
4 19 19 19 4 9 19 9 
5 0 0 0 5 10 0 10 
5 0 0 10 5 10 0 0 
5 0 5 5 15 0 15 5 
5 0 5 15 15 0 15 15 
5 0 10 0 5 10 10 10 
5 0 10 10 5 10 10 0 
5 0 15 5 15 0 5 5 
5 0 15 15 15 0 5 15 
5 1 0 1 5 11 0 11 
5 1 0 11 5 11 0 1 
5 1 5 6 15 1 15 6 
5 1 5 16 15 1 15 16 
5 1 10 1 5 11 10 11 
5 1 10 11 5 11 10 1 
5 1 15 6 15 1 5 6 
5 1 15 16 15 1 5 16 
5 2 0 2 5 12 0 12 
5 2 0 12 5 12 0 2 
5 2 5 7 15 2 15 7 
5 2 5 17 15 2 15 17 
5 2 10 2 5 12 10 12 
5 2 10 12 5 12 10 2 
5 2 15 7 15 2 5 7 
5 2 15 17 15 2 5 17 
5 3 0 3 5 13 0 13 
5 3 0 13 5 13 0 3 
5 3 5 8 15 3 15 8 
5 3 5 18 15 3 15 18 
5 3 10 3 5 13 10 13 
5 3 10 13 5 13 10 3 
5 3 15 8 15 3 5 8 
5 3 15 18 15 3 5 18 
5 4 0 4 5 14 0 14 
5 4 0 14 5 14 0 4 
5 4 5 9 15 4 15 9 
5 4 5 19 15 4 15 19 
5 4 10 4 5 14 10 14 
5 4 10 14 5 14 10 4 
5 4 15 9 15 4 5 9 
5 4 15 19 15 4 5 19 
5 5 0 5 5 15 0 15 
5 5 0 15 5 15 0 5 
5 5 5 0 15 5 15 0 
5 5 5 10 15 5 15 10 
5 5 10 5 5 15 10 15 
5 5 10 15 5 15 10 5 
5 5 15 0 15 5 5 0 
5 5 15 10 15 5 5 10 
5 6 0 6 5 16 0 16 
5 6 0 16 5 16 0 6 
5 6 5 1 15 6 15 1 
5 6 5 11 15 6 15 11 
5 6 10 6 5 16 10 16 
5 6 10 16 5 16 10 6 
5 6 15 1 15 6 5 1 
5 6 15 11 15 6 5 11 
5 7 0 7 5 17 0 17 
5 7 0 17 5 17 0 7 
5 7 5 2 15 7 15 2 
5 7 5 12 15 7 15 12 
5 7 10 7 5 17 10 17 
5 7 10 17 5 17 10 7 
5 7 15 2 15 7 5 2 
5 7 15 12 15 7 5 12 
5 8 0 8 5 18 0 18 
5 8 0 18 5 18 0 8 
5 8 5 3 15 8 15 3 
5 8 5 13 15 8 15 13 
5 8 10 8 5 18 10 18 
5 8 10 18 5 18 10 8 
5 8 15 3 15 8 5 3 
5 8 15 13 15 8 5 13 
5 9 0 9 5 19 0 19 
5 9 0 19 5 19 0 9 
5 9 5 4 15 9 15 4 
5 9 5 14 15 9 15 14 
5 9 10 9 5 19 10 19 
5 9 10 19 5 19 10 9 
5 9 15 4 15 9 5 4 
5 9 15 14 15 9 5 14 
5 10 0 0 5 0 0 10 
5 10 0 10 5 0 0 0 
5 10 5 5 15 10 15 5 
5 10 5 15 15 10 15 15 
5 10 10 0 5 0 10 10 
5 10 10 10 5 0 10 0 
5 10 15 5 15 10 5 5 
5 10 15 15 15 10 5 15 
5 11 0 1 5 1 0 11 
5 11 0 11 5 1 0 1 
5 11 5 6 15 11 15 6 
5 11 5 16 15 11 15 16 
5 11 10 1 5 1 10 11 
5 11 10 11 5 1 10 1 
5 11 15 6 15 11 5 6 
5 11 15 16 15 11 5 16 
5 12 0 2 5 2 0 12 
5 12 0 12 5 2 0 2 
5 12 5 7 15 12 15 7 
5 12 5 17 15 12 15 17 
5 12 10 2 5 2 10 12 
5 12 10 12 5 2 10 2 
5 12 15 7 15 12 5 7 
5 12 15 17 15 12 5 17 
5 13 0 3 5 3 0 13 
5 13 0 13 5 3 0 3 
5 13 5 8 15 13 15 8 
5 13 5 18 15 13 15 18 
5 13 10 3 5 3 10 13 
5 13 10 13 5 3 10 3 
5 13 15 8 15 13 5 8 
5 13 15 18 15 13 5 18 
5 14 0 4 5 4 0 14 
5 14 0 14 5 4 0 4 
5 14 5 9 15 14 15 9 
5 14 5 19 15 14 15 19 
5 14 10 4 5 4 10 14 
5 14 10 14 5 4 10 4 
5 14 15 9 15 14 5 9 
5 14 15 19 15 14 5 19 
5 15 0 5 5 5 0 15 
5 15 0 15 5 5 0 5 
5 15 5 0 15 15 15 0 
5 15 5 10 15 15 15 10 
5 15 10 5 5 5 10 15 
5 15 10 15 5 5 10 5 
5 15 15 0 15 15 5 0 
5 15 15 10 15 15 5 10 
5 16 0 6 5 6 0 16 
5 16 0 16 5 6 0 6 
5 16 5 1 15 16 15 1 
5 16 5 11 15 16 15 11 
5 16 10 6 5 6 10 16 
5 16 10 16 5 6 10 6 
5 16 15 1 15 16 5 1 
5 16 15 11 15 16 5 11 
5 17 0 7 5 7 0 17 
5 17 0 17 5 7 0 7 
5 17 5 2 15 17 15 2 
5 17 5 12 15 17 15 12 
5 17 10 7 5 7 10 17 
5 17 10 17 5 7 10 7 
5 17 15 2 15 17 5 2 
5 17 15 12 15 17 5 12 
5 18 0 8 5 8 0 18 
5 18 0 18 5 8 0 8 
5 18 5 3 15 18 15 3 
5 18 5 13 15 18 15 13 
5 18 10 8 5 8 10 18 
5 18 10 18 5 8 10 8 
5 18 15 3 15 18 5 3 
5 18 15 13 15 18 5 13 
5 19 0 9 5 9 0 19 
5 19 0 19 5 9 0 9 
5 19 5 4 15 19 15 4 
5 19 5 14 15 19 15 14 
5 19 10 9 5 9 10 19 
5 19 10 19 5 9 10 9 
5 19 15 4 15 19 5 4 
5 19 15 14 15 19 5 14 
6 0 1 0 6 10 1 10 
6 0 1 10 6 10 1 0 
6 0 6 5 16 0 16 5 
6 0 6 15 16 0 16 15 
6 0 11 0 6 10 11 10 
6 0 11 10 6 10 11 0 
6 0 16 5 16 0 6 5 
6 0 16 15 16 0 6 15 
6 1 1 1 6 11 1 11 
6 1 1 11 6 11 1 1 
6 1 6 6 16 1 16 6 
6 1 6 16 16 1 16 16 
6 1 11 1 6 11 11 11 
6 1 11 11 6 11 11 1 
6 1 16 6 16 1 6 6 
6 1 16 16 16 1 6 16 
6 2 1 2 6 12 1 12 
6 2 1 12 6 12 1 2 
6 2 6 7 16 2 16 7 
6 2 6 17 16 2 16 17 
6 2 11 2 6 12 11 12 
6 2 11 12 6 12 11 2 
6 2 16 7 16 2 6 7 
6 2 16 17 16 2 6 17 
6 3 1 3 6 13 1 13 
6 3 1 13 6 13 1 3 
6 3 6 8 16 3 16 8 
6 3 6 18 16 3 16 18 
6 3 11 3 6 13 11 13 
6 3 11 13 6 13 11 3 
6 3 16 8 16 3 6 8 
6 3 16 18 16 3 6 18 
6 4 1 4 6 14 1 14 
6 4 1 14 6 14 1 4 
6 4 6 9 16 4 16 9 
6 4 6 19 16 4 16 19 
6 4 11 4 6 14 11 14 
6 4 11 14 6 14 11 4 
6 4 16 9 16 4 6 9 
6 4 16 19 16 4 6 19 
6 5 1 5 6 15 1 15 
6 5 1 15 6 15 1 5 
6 5 6 0 16 5 16 0 
6 5 6 10 16 5 16 10 
6 5 11 5 6 15 11 15 
6 5 11 15 6 15 11 5 
6 5 16 0 16 5 6 0 
6 5 16 10 16 5 6 10 
6 6 1 6 6 16 1 16 
6 6 1 16 6 16 1 6 
6 6 6 1 16 6 16 1 
6 6 6 11 16 6 16 11 
6 6 11 6 6 16 11 16 
6 6 11 16 6 16 11 6 
6 6 16 1 16 6 6 1 
6 6 16 11 16 6 6 11 
6 7 1 7 6 17 1 17 
6 7 1 17 6 17 1 7 
6 7 6 2 16 7 16 2 
6 7 6 12 16 7 16 12 
6 7 11 7 6 17 11 17 
6 7 11 17 6 17 11 7 
6 7 16 2 16 7 6 2 
6 7 16 12 16 7 6 12 
6 8 1 8 6 18 1 18 
6 8 1 18 6 18 1 8 
6 8 6 3 16 8 16 3 
6 8 6 13 16 8 16 13 
6 8 11 8 6 18 11 18 
6 8 11 18 6 18 11 8 
6 8 16 3 16 8 6 3 
6 8 16 13 16 8 6 13 
6 9 1 9 6 19 1 19 
6 9 1 19 6 19 1 9 
6 9 6 4 16 9 16 4 
6 9 6 14 16 9 16 14 
6 9 11 9 6 19 11 19 
6 9 11 19 6 19 11 9 
6 9 16 4 16 9 6 4 
6 9 16 14 16 9 6 14 
6 10 1 0 6 0 1 10 
6 10 1 10 6 0 1 0 
6 10 6 5 16 10 16 5 
6 10 6 15 16 10 16 15 
6 10 11 0 6 0 11 10 
6 10 11 10 6 0 11 0 
6 10 16 5 16 10 6 5 
6 10 16 15 16 10 6 15 
6 11 1 1 6 1 1 11 
6 11 1 11 6 1 1 1 
6 11 6 6 16 11 16 6 
6 11 6 16 16 11 16 16 
6 11 11 1 6 1 11 11 
6 11 11 11 6 1 11 1 
6 11 16 6 16 11 6 6 
6 11 16 16 16 11 6 16 
6 12 1 2 6 2 1 12 
6 12 1 12 6 2 1 2 
6 12 6 7 16 12 16 7 
6 12 6 17 16 12 16 17 
6 12 11 2 6 2 11 12 
6 12 11 12 6 2 11 2 
6 12 16 7 16 12 6 7 
6 12 16 17 16 12 6 17 
6 13 1 3 6 3 1 13 
6 13 1 13 6 3 1 3 
6 13 6 8 16 13 16 8 
6 13 6 18 16 13 16 18 
6 13 11 3 6 3 11 13 
6 13 11 13 6 3 11 3 
6 13 16 8 16 13 6 8 
6 13 16 18 16 13 6 18 
6 14 1 4 6 4 1 14 
6 14 1 14 6 4 1 4 
6 14 6 9 16 14 16 9 
6 14 6 19 16 14 16 19 
6 14 11 4 6 4 11 14 
6 14 11 14 6 4 11 4 
6 14 16 9 16 14 6 9 
6 14 16 19 16 14 6 19 
6 15 1 5 6 5 1 15 
6 15 1 15 6 5 1 5 
6 15 6 0 16 15 16 0 
6 15 6 10 16 15 16 10 
6 15 11 5 6 5 11 15 
6 15 11 15 6 5 11 5 
6 15 16 0 16 15 6 0 
6 15 16 10 16 15 6 10 
6 16 1 6 6 6 1 16 
6 16 1 16 6 6 1 6 
6 16 6 1 16 16 16 1 
6 16 6 11 16 16 16 11 
6 16 11 6 6 6 11 16 
6 16 11 16 6 6 11 6 
6 16 16 1 16 16 6 1 
6 16 16 11 16 16 6 11 
6 17 1 7 6 7 1 17 
6 17 1 17 6 7 1 7 
6 17 6 2 16 17 16 2 
6 17 6 12 16 17 16 12 
6 17 11 7 6 7 11 17 
6 17 11 17 6 7 11 7 
6 17 16 2 16 17 6 2 
6 17 16 12 16 17 6 12 
6 18 1 8 6 8 1 18 
6 18 1 18 6 8 1 8 
6 18 6 3 16 18 16 3 
6 18 6 13 16 18 16 13 
6 18 11 8 6 8 11 18 
6 18 11 18 6 8 11 8 
6 18 16 3 16 18 6 3 
6 18 16 13 16 18 6 13 
6 19 1 9 6 9 1 19 
6 19 1 19 6 9 1 9 
6 19 6 4 16 19 16 4 
6 19 6 14 16 19 16 14 
6 19 11 9 6 9 11 19 
6 19 11 19 6 9 11 9 
6 19 16 4 16 19 6 4 
6 19 16 14 16 19 6 14 
7 0 2 0 7 10 2 10 
7 0 2 10 7 10 2 0 
7 0 7 5 17 0 17 5 
7 0 7 15 17 0 17 15 
7 0 12 0 7 10 12 10 
7 0 12 10 7 10 12 0 
7 0 17 5 17 0 7 5 
7 0 17 15 17 0 7 15 
7 1 2 1 7 11 2 11 
7 1 2 11 7 11 2 1 
7 1 7 6 17 1 17 6 
7 1 7 16 17 1 17 16 
7 1 12 1 7 11 12 11 
7 1 12 11 7 11 12 1 
7 1 17 6 17 1 7 6 
7 1 17 16 17 1 7 16 
7 2 2 2 7 12 2 12 
7 2 2 12 7 12 2 2 
7 2 7 7 17 2 17 7 
7 2 7 17 17 2 17 17 
7 2 12 2 7 12 12 12 
7 2 12 12 7 12 12 2 
7 2 17 7 17 2 7 7 
7 2 17 17 17 2 7 17 
7 3 2 3 7 13 2 13 
7 3 2 13 7 13 2 3 
7 3 7 8 17 3 17 8 
7 3 7 18 17 3 17 18 
7 3 12 3 7 13 12 13 
7 3 12 13 7 13 12 3 
7 3 17 8 17 3 7 8 
7 3 17 18 17 3 7 18 
7 4 2 4 7 14 2 14 
7 4 2 14 7 14 2 4 
7 4 7 9 17 4 17 9 
7 4 7 19 17 4 17 19 
7 4 12 4 7 14 12 14 
7 4 12 14 7 14 12 4 
7 4 17 9 17 4 7 9 
7 4 17 19 17 4 7 19 
7 5 2 5 7 15 2 15 
7 5 2 15 7 15 2 5 
7 5 7 0 17 5 17 0 
7 5 7 10 17 5 17 10 
7 5 12 5 7 15 12 15 
7 5 12 15 7 15 12 5 
7 5 17 0 17 5 7 0 
7 5 17 10 17 5 7 10 
7 6 2 6 7 16 2 16 
7 6 2 16 7 16 2 6 
7 6 7 1 17 6 17 1 
7 6 7 11 17 6 17 11 
7 6 12 6 7 16 12 16 
7 6 12 16 7 16 12 6 
7 6 17 1 17 6 7 1 
7 6 17 11 17 6 7 11 
7 7 2 7 7 17 2 17 
7 7 2 17 7 17 2 7 
7 7 7 2 17 7 17 2 
7 7 7 12 17 7 17 12 
7 7 12 7 7 17 12 17 
7 7 12 17 7 17 12 7 
7 7 17 2 17 7 7 2 
7 7 17 12 17 7 7 12 
7 8 2 8 7 18 2 18 
7 8 2 18 7 18 2 8 
7 8 7 3 17 8 17 3 
7 8 7 13 17 8 17 13 
7 8 12 8 7 18 12 18 
7 8 12 18 7 18 12 8 
7 8 17 3 17 8 7 3 
7 8 17 13 17 8 7 13 
7 9 2 9 7 19 2 19 
7 9 2 19 7 19 2 9 
7 9 7 4 17 9 17 4 
7 9 7 14 17 9 17 14 
7 9 12 9 7 19 12 19 
7 9 12 19 7 19 12 9 
7 9 17 4 17 9 7 4 
7 9 17 14 17 9 7 14 
7 10 2 0 7 0 2 10 
7 10 2 10 7 0 2 0 
7 10 7 5 17 10 17 5 
7 10 7 15 17 10 17 15 
7 10 12 0 7 0 12 10 
7 10 12 10 7 0 12 0 
7 10 17 5 17 10 7 5 
7 10 17 15 17 10 7 15 
7 11 2 1 7 1 2 11 
7 11 2 11 7 1 2 1 
7 11 7 6 17 11 17 6 
7 11 7 16 17 11 17 16 
7 11 12 1 7 1 12 11 
7 11 12 11 7 1 12 1 
7 11 17 6 17 11 7 6 
7 11 17 16 17 11 7 16 
7 12 2 2 7 2 2 12 
7 12 2 12 7 2 2 2 
7 12 7 7 17 12 17 7 
7 12 7 17 17 12 17 17 
7 12 12 2 7 2 12 12 
7 12 12 12 7 2 12 2 
7 12 17 7 17 12 7 7 
7 12 17 17 17 12 7 17 
7 13 2 3 7 3 2 13 
7 13 2 13 7 3 2 3 
7 13 7 8 17 13 17 8 
7 13 7 18 17 13 17 18 
7 13 12 3 7 3 12 13 
7 13 12 13 7 3 12 3 
7 13 17 8 17 13 7 8 
7 13 17 18 17 13 7 18 
7 14 2 4 7 4 2 14 
7 14 2 14 7 4 2 4 
7 14 7 9 17 14 17 9 
7 14 7 19 17 14 17 19 
7 14 12 4 7 4 12 14 
7 14 12 14 7 4 12 4 
7 14 17 9 17 14 7 9 
7 14 17 19 17 14 7 19 
7 15 2 5 7 5 2 15 
7 15 2 15 7 5 2 5 
7 15 7 0 17 15 17 0 
7 15 7 10 17 15 17 10 
7 15 12 5 7 5 12 15 
7 15 12 15 7 5 12 5 
7 15 17 0 17 15 7 0 
7 15 17 10 17 15 7 10 
7 16 2 6 7 6 2 16 
7 16 2 16 7 6 2 6 
7 16 7 1 17 16 17 1 
7 16 7 11 17 16 17 11 
7 16 12 6 7 6 12 16 
7 16 12 16 7 6 12 6 
7 16 17 1 17 16 7 1 
7 16 17 11 17 16 7 11 
7 17 2 7 7 7 2 17 
7 17 2 17 7 7 2 7 
7 17 7 2 17 17 17 2 
7 17 7 12 17 17 17 12 
7 17 12 7 7 7 12 17 
7 17 12 17 7 7 12 7 
7 17 17 2 17 17 7 2 
7 17 17 12 17 17 7 12 
7 18 2 8 7 8 2 18 
7 18 2 18 7 8 2 8 
7 18 7 3 17 18 17 3 
7 18 7 13 17 18 17 13 
7 18 12 8 7 8 12 18 
7 18 12 18 7 8 12 8 
7 18 17 3 17 18 7 3 
7 18 17 13 17 18 7 13 
7 19 2 9 7 9 2 19 
7 19 2 19 7 9 2 9 
7 19 7 4 17 19 17 4 
7 19 7 14 17 19 17 14 
7 19 12 9 7 9 12 19 
7 19 12 19 7 9 12 9 
7 19 17 4 17 19 7 4 
7 19 17 14 17 19 7 14 
8 0 3 0 8 10 3 10 
8 0 3 10 8 10 3 0 
8 0 8 5 18 0 18 5 
8 0 8 15 18 0 18 15 
8 0 13 0 8 10 13 10 
8 0 13 10 8 10 13 0 
8 0 18 5 18 0 8 5 
8 0 18 15 18 0 8 15 
8 1 3 1 8 11 3 11 
8 1 3 11 8 11 3 1 
8 1 8 6 18 1 18 6 
8 1 8 16 18 1 18 16 
8 1 13 1 8 11 13 11 
8 1 13 11 8 11 13 1 
8 1 18 6 18 1 8 6 
8 1 18 16 18 1 8 16 
8 2 3 2 8 12 3 12 
8 2 3 12 8 12 3 2 
8 2 8 7 18 2 18 7 
8 2 8 17 18 2 18 17 
8 2 13 2 8 12 13 12 
8 2 13 12 8 12 13 2 
8 2 18 7 18 2 8 7 
8 2 18 17 18 2 8 17 
8 3 3 3 8 13 3 13 
8 3 3 13 8 13 3 3 
8 3 8 8 18 3 18 8 
8 3 8 18 18 3 18 18 
8 3 13 3 8 13 13 13 
8 3 13 13 8 13 13 3 
8 3 18 8 18 3 8 8 
8 3 18 18 18 3 8 18 
8 4 3 4 8 14 3 14 
8 4 3 14 8 14 3 4 
8 4 8 9 18 4 18 9 
8 4 8 19 18 4 18 19 
8 4 13 4 8 14 13 14 
8 4 13 14 8 14 13 4 
8 4 18 9 18 4 8 9 
8 4 18 19 18 4 8 19 
8 5 3 5 8 15 3 15 
8 5 3 15 8 15 3 5 
8 5 8 0 18 5 18 0 
8 5 8 10 18 5 18 10 
8 5 13 5 8 15 13 15 
8 5 13 15 8 15 13 5 
8 5 18 0 18 5 8 0 
8 5 18 10 18 5 8 10 
8 6 3 6 8 16 3 16 
8 6 3 16 8 16 3 6 
8 6 8 1 18 6 18 1 
8 6 8 11 18 6 18 11 
8 6 13 6 8 16 13 16 
8 6 13 16 8 16 13 6 
8 6 18 1 18 6 8 1 
8 6 18 11 18 6 8 11 
8 7 3 7 8 17 3 17 
8 7 3 17 8 17 3 7 
8 7 8 2 18 7 18 2 
8 7 8 12 18 7 18 12 
8 7 13 7 8 17 13 17 
8 7 13 17 8 17 13 7 
8 7 18 2 18 7 8 2 
8 7 18 12 18 7 8 12 
8 8 3 8 8 18 3 18 
8 8 3 18 8 18 3 8 
8 8 8 3 18 8 18 3 
8 8 8 13 18 8 18 13 
8 8 13 8 8 18 13 18 
8 8 13 18 8 18 13 8 
8 8 18 3 18 8 8 3 
8 8 18 13 18 8 8 13 
8 9 3 9 8 19 3 19 
8 9 3 19 8 19 3 9 
8 9 8 4 18 9 18 4 
8 9 8 14 18 9 18 14 
8 9 13 9 8 19 13 19 
8 9 13 19 8 19 13 9 
8 9 18 4 18 9 8 4 
8 9 18 14 18 9 8 14 
8 10 3 0 8 0 3 10 
8 10 3 10 8 0 3 0 
8 10 8 5 18 10 18 5 
8 10 8 15 18 10 18 15 
8 10 13 0 8 0 13 10 
8 10 13 10 8 0 13 0 
8 10 18 5 18 10 8 5 
8 10 18 15 18 10 8 15 
8 11 3 1 8 1 3 11 
8 11 3 11 8 1 3 1 
8 11 8 6 18 11 18 6 
8 11 8 16 18 11 18 16 
8 11 13 1 8 1 13 11 
8 11 13 11 8 1 13 1 
8 11 18 6 18 11 8 6 
8 11 18 16 18 11 8 16 
8 12 3 2 8 2 3 12 
8 12 3 12 8 2 3 2 
8 12 8 7 18 12 18 7 
8 12 8 17 18 12 18 17 
8 12 13 2 8 2 13 12 
8 12 13 12 8 2 13 2 
8 12 18 7 18 12 8 7 
8 12 18 17 18 12 8 17 
8 13 3 3 8 3 3 13 
8 13 3 13 8 3 3 3 
8 13 8 8 18 13 18 8 
8 13 8 18 18 13 18 18 
8 13 13 3 8 3 13 13 
8 13 13 13 8 3 13 3 
8 13 18 8 18 13 8 8 
8 13 18 18 18 13 8 18 
8 14 3 4 8 4 3 14 
8 14 3 14 8 4 3 4 
8 14 8 9 18 14 18 9 
8 14 8 19 18 14 18 19 
8 14 13 4 8 4 13 14 
8 14 13 14 8 4 13 4 
8 14 18 9 18 14 8 9 
8 14 18 19 18 14 8 19 
8 15 3 5 8 5 3 15 
8 15 3 15 8 5 3 5 
8 15 8 0 18 15 18 0 
8 15 8 10 18 15 18 10 
8 15 13 5 8 5 13 15 
8 15 13 15 8 5 13 5 
8 15 18 0 18 15 8 0 
8 15 18 10 18 15 8 10 
8 16 3 6 8 6 3 16 
8 16 3 16 8 6 3 6 
8 16 8 1 18 16 18 1 
8 16 8 11 18 16 18 11 
8 16 13 6 8 6 13 16 
8 16 13 16 8 6 13 6 
8 16 18 1 18 16 8 1 
8 16 18 11 18 16 8 11 
8 17 3 7 8 7 3 17 
8 17 3 17 8 7 3 7 
8 17 8 2 18 17 18 2 
8 17 8 12 18 17 18 12 
8 17 13 7 8 7 13 17 
8 17 13 17 8 7 13 7 
8 17 18 2 18 17 8 2 
8 17 18 12 18 17 8 12 
8 18 3 8 8 8 3 18 
8 18 3 18 8 8 3 8 
8 18 8 3 18 18 18 3 
8 18 8 13 18 18 18 13 
8 18 13 8 8 8 13 18 
8 18 13 18 8 8 13 8 
8 18 18 3 18 18 8 3 
8 18 18 13 18 18 8 13 
8 19 3 9 8 9 3 19 
8 19 3 19 8 9 3 9 
8 19 8 4 18 19 18 4 
8 19 8 14 18 19 18 14 
8 19 13 9 8 9 13 19 
8 19 13 19 8 9 13 9 
8 19 18 4 18 19 8 4 
8 19 18 14 18 19 8 14 
9 0 4 0 9 10 4 10 
9 0 4 10 9 10 4 0 
9 0 9 5 19 0 19 5 
9 0 9 15 19 0 19 15 
9 0 14 0 9 10 14 10 
9 0 14 10 9 10 14 0 
9 0 19 5 19 0 9 5 
9 0 19 15 19 0 9 15 
9 1 4 1 9 11 4 11 
9 1 4 11 9 11 4 1 
9 1 9 6 19 1 19 6 
9 1 9 16 19 1 19 16 
9 1 14 1 9 11 14 11 
9 1 14 11 9 11 14 1 
9 1 19 6 19 1 9 6 
9 1 19 16 19 1 9 16 
9 2 4 2 9 12 4 12 
9 2 4 12 9 12 4 2 
9 2 9 7 19 2 19 7 
9 2 9 17 19 2 19 17 
9 2 14 2 9 12 14 12 
9 2 14 12 9 12 14 2 
9 2 19 7 19 2 9 7 
9 2 19 17 19 2 9 17 
9 3 4 3 9 13 4 13 
9 3 4 13 9 13 4 3 
9 3 9 8 19 3 19 8 
9 3 9 18 19 3 19 18 
9 3 14 3 9 13 14 13 
9 3 14 13 9 13 14 3 
9 3 19 8 19 3 9 8 
9 3 19 18 19 3 9 18 
9 4 4 4 9 14 4 14 
9 4 4 14 9 14 4 4 
9 4 9 9 19 4 19 9 
9 4 9 19 19 4 19 19 
9 4 14 4 9 14 14 14 
9 4 14 14 9 14 14 4 
9 4 19 9 19 4 9 9 
9 4 19 19 19 4 9 19 
9 5 4 5 9 15 4 15 
9 5 4 15 9 15 4 5 
9 5 9 0 19 5 19 0 
9 5 9 10 19 5 19 10 
9 5 14 5 9 15 14 15 
9 5 14 15 9 15 14 5 
9 5 19 0 19 5 9 0 
9 5 19 10 19 5 9 10 
9 6 4 6 9 16 4 16 
9 6 4 16 9 16 4 6 
9 6 9 1 19 6 19 1 
9 6 9 11 19 6 19 11 
9 6 14 6 9 16 14 16 
9 6 14 16 9 16 14 6 
9 6 19 1 19 6 9 1 
9 6 19 11 19 6 9 11 
9 7 4 7 9 17 4 17 
9 7 4 17 9 17 4 7 
9 7 9 2 19 7 19 2 
9 7 9 12 19 7 19 12 
9 7 14 7 9 17 14 17 
9 7 14 17 9 17 14 7 
9 7 19 2 19 7 9 2 
9 7 19 12 19 7 9 12 
9 8 4 8 9 18 4 18 
9 8 4 18 9 18 4 8 
9 8 9 3 19 8 19 3 
9 8 9 13 19 8 19 13 
9 8 14 8 9 18 14 18 
9 8 14 18 9 18 14 8 
9 8 19 3 19 8 9 3 
9 8 19 13 19 8 9 13 
9 9 4 9 9 19 4 19 
9 9 4 19 9 19 4 9 
9 9 9 4 19 9 19 4 
9 9 9 14 19 9 19 14 
9 9 14 9 9 19 14 19 
9 9 14 19 9 19 14 9 
9 9 19 4 19 9 9 4 
9 9 19 14 19 9 9 14 
9 10 4 0 9 0 4 10 
9 10 4 10 9 0 4 0 
9 10 9 5 19 10 19 5 
9 10 9 15 19 10 19 15 
9 10 14 0 9 0 14 10 
9 10 14 10 9 0 14 0 
9 10 19 5 19 10 9 5 
9 10 19 15 19 10 9 15 
9 11 4 1 9 1 4 11 
9 11 4 11 9 1 4 1 
9 11 9 6 19 11 19 6 
9 11 9 16 19 11 19 16 
9 11 14 1 9 1 14 11 
9 11 14 11 9 1 14 1 
9 11 19 6 19 11 9 6 
9 11 19 16 19 11 9 16 
9 12 4 2 9 2 4 12 
9 12 4 12 9 2 4 2 
9 12 9 7 19 12 19 7 
9 12 9 17 19 12 19 17 
9 12 14 2 9 2 14 12 
9 12 14 12 9 2 14 2 
9 12 19 7 19 12 9 7 
9 12 19 17 19 12 9 17 
9 13 4 3 9 3 4 13 
9 13 4 13 9 3 4 3 
9 13 9 8 19 13 19 8 
9 13 9 18 19 13 19 18 
9 13 14 3 9 3 14 13 
9 13 14 13 9 3 14 3 
9 13 19 8 19 13 9 8 
9 13 19 18 19 13 9 18 
9 14 4 4 9 4 4 14 
9 14 4 14 9 4 4 4 
9 14 9 9 19 14 19 9 
9 14 9 19 19 14 19 19 
9 14 14 4 9 4 14 14 
9 14 14 14 9 4 14 4 
9 14 19 9 19 14 9 9 
9 14 19 19 19 14 9 19 
9 15 4 5 9 5 4 15 
9 15 4 15 9 5 4 5 
9 15 9 0 19 15 19 0 
9 15 9 10 19 15 19 10 
9 15 14 5 9 5 14 15 
9 15 14 15 9 5 14 5 
9 15 19 0 19 15 9 0 
9 15 19 10 19 15 9 10 
9 16 4 6 9 6 4 16 
9 16 4 16 9 6 4 6 
9 16 9 1 19 16 19 1 
9 16 9 11 19 16 19 11 
9 16 14 6 9 6 14 16 
9 16 14 16 9 6 14 6 
9 16 19 1 19 16 9 1 
9 16 19 11 19 16 9 11 
9 17 4 7 9 7 4 17 
9 17 4 17 9 7 4 7 
9 17 9 2 19 17 19 2 
9 17 9 12 19 17 19 12 
9 17 14 7 9 7 14 17 
9 17 14 17 9 7 14 7 
9 17 19 2 19 17 9 2 
9 17 19 12 19 17 9 12 
9 18 4 8 9 8 4 18 
9 18 4 18 9 8 4 8 
9 18 9 3 19 18 19 3 
9 18 9 13 19 18 19 13 
9 18 14 8 9 8 14 18 
9 18 14 18 9 8 14 8 
9 18 19 3 19 18 9 3 
9 18 19 13 19 18 9 13 
9 19 4 9 9 9 4 19 
9 19 4 19 9 9 4 9 
9 19 9 4 19 19 19 4 
9 19 9 14 19 19 19 14 
9 19 14 9 9 9 14 19 
9 19 14 19 9 9 14 9 
9 19 19 4 19 19 9 4 
9 19 19 14 19 19 9 14 
10 0 0 5 0 0 10 5 
10 0 0 15 0 0 10 15 
10 0 5 0 10 10 5 10 
10 0 5 10 10 10 5 0 
10 0 10 5 0 0 0 5 
10 0 10 15 0 0 0 15 
10 0 15 0 10 10 15 10 
10 0 15 10 10 10 15 0 
10 1 0 6 0 1 10 6 
10 1 0 16 0 1 10 16 
10 1 5 1 10 11 5 11 
10 1 5 11 10 11 5 1 
10 1 10 6 0 1 0 6 
10 1 10 16 0 1 0 16 
10 1 15 1 10 11 15 11 
10 1 15 11 10 11 15 1 
10 2 0 7 0 2 10 7 
10 2 0 17 0 2 10 17 
10 2 5 2 10 12 5 12 
10 2 5 12 10 12 5 2 
10 2 10 7 0 2 0 7 
10 2 10 17 0 2 0 17 
10 2 15 2 10 12 15 12 
10 2 15 12 10 12 15 2 
10 3 0 8 0 3 10 8 
10 3 0 18 0 3 10 18 
10 3 5 3 10 13 5 13 
10 3 5 13 10 13 5 3 
10 3 10 8 0 3 0 8 
10 3 10 18 0 3 0 18 
10 3 15 3 10 13 15 13 
10 3 15 13 10 13 15 3 
10 4 0 9 0 4 10 9 
10 4 0 19 0 4 10 19 
10 4 5 4 10 14 5 14 
10 4 5 14 10 14 5 4 
10 4 10 9 0 4 0 9 
10 4 10 19 0 4 0 19 
10 4 15 4 10 14 15 14 
10 4 15 14 10 14 15 4 
10 5 0 0 0 5 10 0 
10 5 0 10 0 5 10 10 
10 5 5 5 10 15 5 15 
10 5 5 15 10 15 5 5 
10 5 10 0 0 5 0 0 
10 5 10 10 0 5 0 10 
10 5 15 5 10 15 15 15 
10 5 15 15 10 15 15 5 
10 6 0 1 0 6 10 1 
10 6 0 11 0 6 10 11 
10 6 5 6 10 16 5 16 
10 6 5 16 10 16 5 6 
10 6 10 1 0 6 0 1 
10 6 10 11 0 6 0 11 
10 6 15 6 10 16 15 16 
10 6 15 16 10 16 15 6 
10 7 0 2 0 7 10 2 
10 7 0 12 0 7 10 12 
10 7 5 7 10 17 5 17 
10 7 5 17 10 17 5 7 
10 7 10 2 0 7 0 2 
10 7 10 12 0 7 0 12 
10 7 15 7 10 17 15 17 
10 7 15 17 10 17 15 7 
10 8 0 3 0 8 10 3 
10 8 0 13 0 8 10 13 
10 8 5 8 10 18 5 18 
10 8 5 18 10 18 5 8 
10 8 10 3 0 8 0 3 
10 8 10 13 0 8 0 13 
10 8 15 8 10 18 15 18 
10 8 15 18 10 18 15 8 
10 9 0 4 0 9 10 4 
10 9 0 14 0 9 10 14 
10 9 5 9 10 19 5 19 
10 9 5 19 10 19 5 9 
10 9 10 4 0 9 0 4 
10 9 10 14 0 9 0 14 
10 9 15 9 10 19 15 19 
10 9 15 19 10 19 15 9 
10 10 0 5 0 10 10 5 
10 10 0 15 0 10 10 15 
10 10 5 0 10 0 5 10 
10 10 5 10 10 0 5 0 
10 10 10 5 0 10 0 5 
10 10 10 15 0 10 0 15 
10 10 15 0 10 0 15 10 
10 10 15 10 10 0 15 0 
10 11 0 6 0 11 10 6 
10 11 0 16 0 11 10 16 
10 11 5 1 10 1 5 11 
10 11 5 11 10 1 5 1 
10 11 10 6 0 11 0 6 
10 11 10 16 0 11 0 16 
10 11 15 1 10 1 15 11 
10 11 15 11 10 1 15 1 
10 12 0 7 0 12 10 7 
10 12 0 17 0 12 10 17 
10 12 5 2 10 2 5 12 
10 12 5 12 10 2 5 2 
10 12 10 7 0 12 0 7 
10 12 10 17 0 12 0 17 
10 12 15 2 10 2 15 12 
10 12 15 12 10 2 15 2 
10 13 0 8 0 13 10 8 
10 13 0 18 0 13 10 18 
10 13 5 3 10 3 5 13 
10 13 5 13 10 3 5 3 
10 13 10 8 0 13 0 8 
10 13 10 18 0 13 0 18 
10 13 15 3 10 3 15 13 
10 13 15 13 10 3 15 3 
10 14 0 9 0 14 10 9 
10 14 0 19 0 14 10 19 
10 14 5 4 10 4 5 14 
10 14 5 14 10 4 5 4 
10 14 10 9 0 14 0 9 
10 14 10 19 0 14 0 19 
10 14 15 4 10 4 15 14 
10 14 15 14 10 4 15 4 
10 15 0 0 0 15 10 0 
10 15 0 10 0 15 10 10 
10 15 5 5 10 5 5 15 
10 15 5 15 10 5 5 5 
10 15 10 0 0 15 0 0 
10 15 10 10 0 15 0 10 
10 15 15 5 10 5 15 15 
10 15 15 15 10 5 15 5 
10 16 0 1 0 16 10 1 
10 16 0 11 0 16 10 11 
10 16 5 6 10 6 5 16 
10 16 5 16 10 6 5 6 
10 16 10 1 0 16 0 1 
10 16 10 11 0 16 0 11 
10 16 15 6 10 6 15 16 
10 16 15 16 10 6 15 6 
10 17 0 2 0 17 10 2 
10 17 0 12 0 17 10 12 
10 17 5 7 10 7 5 17 
10 17 5 17 10 7 5 7 
10 17 10 2 0 17 0 2 
10 17 10 12 0 17 0 12 
10 17 15 7 10 7 15 17 
10 17 15 17 10 7 15 7 
10 18 0 3 0 18 10 3 
10 18 0 13 0 18 10 13 
10 18 5 8 10 8 5 18 
10 18 5 18 10 8 5 8 
10 18 10 3 0 18 0 3 
10 18 10 13 0 18 0 13 
10 18 15 8 10 8 15 18 
10 18 15 18 10 8 15 8 
10 19 0 4 0 19 10 4 
10 19 0 14 0 19 10 14 
10 19 5 9 10 9 5 19 
10 19 5 19 10 9 5 9 
10 19 10 4 0 19 0 4 
10 19 10 14 0 19 0 14 
10 19 15 9 10 9 15 19 
10 19 15 19 10 9 15 9 
11 0 1 5 1 0 11 5 
11 0 1 15 1 0 11 15 
11 0 6 0 11 10 6 10 
11 0 6 10 11 10 6 0 
11 0 11 5 1 0 1 5 
11 0 11 15 1 0 1 15 
11 0 16 0 11 10 16 10 
11 0 16 10 11 10 16 0 
11 1 1 6 1 1 11 6 
11 1 1 16 1 1 11 16 
11 1 6 1 11 11 6 11 
11 1 6 11 11 11 6 1 
11 1 11 6 1 1 1 6 
11 1 11 16 1 1 1 16 
11 1 16 1 11 11 16 11 
11 1 16 11 11 11 16 1 
11 2 1 7 1 2 11 7 
11 2 1 17 1 2 11 17 
11 2 6 2 11 12 6 12 
11 2 6 12 11 12 6 2 
11 2 11 7 1 2 1 7 
11 2 11 17 1 2 1 17 
11 2 16 2 11 12 16 12 
11 2 16 12 11 12 16 2 
11 3 1 8 1 3 11 8 
11 3 1 18 1 3 11 18 
11 3 6 3 11 13 6 13 
11 3 6 13 11 13 6 3 
11 3 11 8 1 3 1 8 
11 3 11 18 1 3 1 18 
11 3 16 3 11 13 16 13 
11 3 16 13 11 13 16 3 
11 4 1 9 1 4 11 9 
11 4 1 19 1 4 11 19 
11 4 6 4 11 14 6 14 
11 4 6 14 11 14 6 4 
11 4 11 9 1 4 1 9 
11 4 11 19 1 4 1 19 
11 4 16 4 11 14 16 14 
11 4 16 14 11 14 16 4 
11 5 1 0 1 5 11 0 
11 5 1 10 1 5 11 10 
11 5 6 5 11 15 6 15 
11 5 6 15 11 15 6 5 
11 5 11 0 1 5 1 0 
11 5 11 10 1 5 1 10 
11 5 16 5 11 15 16 15 
11 5 16 15 11 15 16 5 
11 6 1 1 1 6 11 1 
11 6 1 11 1 6 11 11 
11 6 6 6 11 16 6 16 
11 6 6 16 11 16 6 6 
11 6 11 1 1 6 1 1 
11 6 11 11 1 6 1 11 
11 6 16 6 11 16 16 16 
11 6 16 16 11 16 16 6 
11 7 1 2 1 7 11 2 
11 7 1 12 1 7 11 12 
11 7 6 7 11 17 6 17 
11 7 6 17 11 17 6 7 
11 7 11 2 1 7 1 2 
11 7 11 12 1 7 1 12 
11 7 16 7 11 17 16 17 
11 7 16 17 11 17 16 7 
11 8 1 3 1 8 11 3 
11 8 1 13 1 8 11 13 
11 8 6 8 11 18 6 18 
11 8 6 18 11 18 6 8 
11 8 11 3 1 8 1 3 
11 8 11 13 1 8 1 13 
11 8 16 8 11 18 16 18 
11 8 16 18 11 18 16 8 
11 9 1 4 1 9 11 4 
11 9 1 14 1 9 11 14 
11 9 6 9 11 19 6 19 
11 9 6 19 11 19 6 9 
11 9 11 4 1 9 1 4 
11 9 11 14 1 9 1 14 
11 9 16 9 11 19 16 19 
11 9 16 19 11 19 16 9 
11 10 1 5 1 10 11 5 
11 10 1 15 1 10 11 15 
11 10 6 0 11 0 6 10 
11 10 6 10 11 0 6 0 
11 10 11 5 1 10 1 5 
11 10 11 15 1 10 1 15 
11 10 16 0 11 0 16 10 
11 10 16 10 11 0 16 0 
11 11 1 6 1 11 11 6 
11 11 1 16 1 11 11 16 
11 11 6 1 11 1 6 11 
11 11 6 11 11 1 6 1 
11 11 11 6 1 11 1 6 
11 11 11 16 1 11 1 16 
11 11 16 1 11 1 16 11 
11 11 16 11 11 1 16 1 
11 12 1 7 1 12 11 7 
11 12 1 17 1 12 11 17 
11 12 6 2 11 2 6 12 
11 12 6 12 11 2 6 2 
11 12 11 7 1 12 1 7 
11 12 11 17 1 12 1 17 
11 12 16 2 11 2 16 12 
11 12 16 12 11 2 16 2 
11 13 1 8 1 13 11 8 
11 13 1 18 1 13 11 18 
11 13 6 3 11 3 6 13 
11 13 6 13 11 3 6 3 
11 13 11 8 1 13 1 8 
11 13 11 18 1 13 1 18 
11 13 16 3 11 3 16 13 
11 13 16 13 11 3 16 3 
11 14 1 9 1 14 11 9 
11 14 1 19 1 14 11 19 
11 14 6 4 11 4 6 14 
11 14 6 14 11 4 6 4 
11 14 11 9 1 14 1 9 
11 14 11 19 1 14 1 19 
11 14 16 4 11 4 16 14 
11 14 16 14 11 4 16 4 
11 15 1 0 1 15 11 0 
11 15 1 10 1 15 11 10 
11 15 6 5 11 5 6 15 
11 15 6 15 11 5 6 5 
11 15 11 0 1 15 1 0 
11 15 11 10 1 15 1 10 
11 15 16 5 11 5 16 15 
11 15 16 15 11 5 16 5 
11 16 1 1 1 16 11 1 
11 16 1 11 1 16 11 11 
11 16 6 6 11 6 6 16 
11 16 6 16 11 6 6 6 
11 16 11 1 1 16 1 1 
11 16 11 11 1 16 1 11 
11 16 16 6 11 6 16 16 
11 16 16 16 11 6 16 6 
11 17 1 2 1 17 11 2 
11 17 1 12 1 17 11 12 
11 17 6 7 11 7 6 17 
11 17 6 17 11 7 6 7 
11 17 11 2 1 17 1 2 
11 17 11 12 1 17 1 12 
11 17 16 7 11 7 16 17 
11 17 16 17 11 7 16 7 
11 18 1 3 1 18 11 3 
11 18 1 13 1 18 11 13 
11 18 6 8 11 8 6 18 
11 18 6 18 11 8 6 8 
11 18 11 3 1 18 1 3 
11 18 11 13 1 18 1 13 
11 18 16 8 11 8 16 18 
11 18 16 18 11 8 16 8 
11 19 1 4 1 19 11 4 
11 19 1 14 1 19 11 14 
11 19 6 9 11 9 6 19 
11 19 6 19 11 9 6 9 
11 19 11 4 1 19 1 4 
11 19 11 14 1 19 1 14 
11 19 16 9 11 9 16 19 
11 19 16 19 11 9 16 9 
12 0 2 5 2 0 12 5 
12 0 2 15 2 0 12 15 
12 0 7 0 12 10 7 10 
12 0 7 10 12 10 7 0 
12 0 12 5 2 0 2 5 
12 0 12 15 2 0 2 15 
12 0 17 0 12 10 17 10 
12 0 17 10 12 10 17 0 
12 1 2 6 2 1 12 6 
12 1 2 16 2 1 12 16 
12 1 7 1 12 11 7 11 
12 1 7 11 12 11 7 1 
12 1 12 6 2 1 2 6 
12 1 12 16 2 1 2 16 
12 1 17 1 12 11 17 11 
12 1 17 11 12 11 17 1 
12 2 2 7 2 2 12 7 
12 2 2 17 2 2 12 17 
12 2 7 2 12 12 7 12 
12 2 7 12 12 12 7 2 
12 2 12 7 2 2 2 7 
12 2 12 17 2 2 2 17 
12 2 17 2 12 12 17 12 
12 2 17 12 12 12 17 2 
12 3 2 8 2 3 12 8 
12 3 2 18 2 3 12 18 
12 3 7 3 12 13 7 13 
12 3 7 13 12 13 7 3 
12 3 12 8 2 3 2 8 
12 3 12 18 2 3 2 18 
12 3 17 3 12 13 17 13 
12 3 17 13 12 13 17 3 
12 4 2 9 2 4 12 9 
12 4 2 19 2 4 12 19 
12 4 7 4 12 14 7 14 
12 4 7 14 12 14 7 4 
12 4 12 9 2 4 2 9 
12 4 12 19 2 4 2 19 
12 4 17 4 12 14 17 14 
12 4 17 14 12 14 17 4 
12 5 2 0 2 5 12 0 
12 5 2 10 2 5 12 10 
12 5 7 5 12 15 7 15 
12 5 7 15 12 15 7 5 
12 5 12 0 2 5 2 0 
12 5 12 10 2 5 2 10 
12 5 17 5 12 15 17 15 
12 5 17 15 12 15 17 5 
12 6 2 1 2 6 12 1 
12 6 2 11 2 6 12 11 
12 6 7 6 12 16 7 16 
12 6 7 16 12 16 7 6 
12 6 12 1 2 6 2 1 
12 6 12 11 2 6 2 11 
12 6 17 6 12 16 17 16 
12 6 17 16 12 16 17 6 
12 7 2 2 2 7 12 2 
12 7 2 12 2 7 12 12 
12 7 7 7 12 17 7 17 
12 7 7 17 12 17 7 7 
12 7 12 2 2 7 2 2 
12 7 12 12 2 7 2 12 
12 7 17 7 12 17 17 17 
12 7 17 17 12 17 17 7 
12 8 2 3 2 8 12 3 
12 8 2 13 2 8 12 13 
12 8 7 8 12 18 7 18 
12 8 7 18 12 18 7 8 
12 8 12 3 2 8 2 3 
12 8 12 13 2 8 2 13 
12 8 17 8 12 18 17 18 
12 8 17 18 12 18 17 8 
12 9 2 4 2 9 12 4 
12 9 2 14 2 9 12 14 
12 9 7 9 12 19 7 19 
12 9 7 19 12 19 7 9 
12 9 12 4 2 9 2 4 
12 9 12 14 2 9 2 14 
12 9 17 9 12 19 17 19 
12 9 17 19 12 19 17 9 
12 10 2 5 2 10 12 5 
12 10 2 15 2 10 12 15 
12 10 7 0 12 0 7 10 
12 10 7 10 12 0 7 0 
12 10 12 5 2 10 2 5 
12 10 12 15 2 10 2 15 
12 10 17 0 12 0 17 10 
12 10 17 10 12 0 17 0 
12 11 2 6 2 11 12 6 
12 11 2 16 2 11 12 16 
12 11 7 1 12 1 7 11 
12 11 7 11 12 1 7 1 
12 11 12 6 2 11 2 6 
12 11 12 16 2 11 2 16 
12 11 17 1 12 1 17 11 
12 11 17 11 12 1 17 1 
12 12 2 7 2 12 12 7 
12 12 2 17 2 12 12 17 
12 12 7 2 12 2 7 12 
12 12 7 12 12 2 7 2 
12 12 12 7 2 12 2 7 
12 12 12 17 2 12 2 17 
12 12 17 2 12 2 17 12 
12 12 17 12 12 2 17 2 
12 13 2 8 2 13 12 8 
12 13 2 18 2 13 12 18 
12 13 7 3 12 3 7 13 
12 13 7 13 12 3 7 3 
12 13 12 8 2 13 2 8 
12 13 12 18 2 13 2 18 
12 13 17 3 12 3 17 13 
12 13 17 13 12 3 17 3 
12 14 2 9 2 14 12 9 
12 14 2 19 2 14 12 19 
12 14 7 4 12 4 7 14 
12 14 7 14 12 4 7 4 
12 14 12 9 2 14 2 9 
12 14 12 19 2 14 2 19 
12 14 17 4 12 4 17 14 
12 14 17 14 12 4 17 4 
12 15 2 0 2 15 12 0 
12 15 2 10 2 15 12 10 
12 15 7 5 12 5 7 15 
12 15 7 15 12 5 7 5 
12 15 12 0 2 15 2 0 
12 15 12 10 2 15 2 10 
12 15 17 5 12 5 17 15 
12 15 17 15 12 5 17 5 
12 16 2 1 2 16 12 1 
12 16 2 11 2 16 12 11 
12 16 7 6 12 6 7 16 
12 16 7 16 12 6 7 6 
12 16 12 1 2 16 2 1 
12 16 12 11 2 16 2 11 
12 16 17 6 12 6 17 16 
12 16 17 16 12 6 17 6 
12 17 2 2 2 17 12 2 
12 17 2 12 2 17 12 12 
12 17 7 7 12 7 7 17 
12 17 7 17 12 7 7 7 
12 17 12 2 2 17 2 2 
12 17 12 12 2 17 2 12 
12 17 17 7 12 7 17 17 
12 17 17 17 12 7 17 7 
12 18 2 3 2 18 12 3 
12 18 2 13 2 18 12 13 
12 18 7 8 12 8 7 18 
12 18 7 18 12 8 7 8 
12 18 12 3 2 18 2 3 
12 18 12 13 2 18 2 13 
12 18 17 8 12 8 17 18 
12 18 17 18 12 8 17 8 
12 19 2 4 2 19 12 4 
12 19 2 14 2 19 12 14 
12 19 7 9 12 9 7 19 
12 19 7 19 12 9 7 9 
12 19 12 4 2 19 2 4 
12 19 12 14 2 19 2 14 
12 19 17 9 12 9 17 19 
12 19 17 19 12 9 17 9 
13 0 3 5 3 0 13 5 
13 0 3 15 3 0 13 15 
13 0 8 0 13 10 8 10 
13 0 8 10 13 10 8 0 
13 0 13 5 3 0 3 5 
13 0 13 15 3 0 3 15 
13 0 18 0 13 10 18 10 
13 0 18 10 13 10 18 0 
13 1 3 6 3 1 13 6 
13 1 3 16 3 1 13 16 
13 1 8 1 13 11 8 11 
13 1 8 11 13 11 8 1 
13 1 13 6 3 1 3 6 
13 1 13 16 3 1 3 16 
13 1 18 1 13 11 18 11 
13 1 18 11 13 11 18 1 
13 2 3 7 3 2 13 7 
13 2 3 17 3 2 13 17 
13 2 8 2 13 12 8 12 
13 2 8 12 13 12 8 2 
13 2 13 7 3 2 3 7 
13 2 13 17 3 2 3 17 
13 2 18 2 13 12 18 12 
13 2 18 12 13 12 18 2 
13 3 3 8 3 3 13 8 
13 3 3 18 3 3 13 18 
13 3 8 3 13 13 8 13 
13 3 8 13 13 13 8 3 
13 3 13 8 3 3 3 8 
13 3 13 18 3 3 3 18 
13 3 18 3 13 13 18 13 
13 3 18 13 13 13 18 3 
13 4 3 9 3 4 13 9 
13 4 3 19 3 4 13 19 
13 4 8 4 13 14 8 14 
13 4 8 14 13 14 8 4 
13 4 13 9 3 4 3 9 
13 4 13 19 3 4 3 19 
13 4 18 4 13 14 18 14 
13 4 18 14 13 14 18 4 
13 5 3 0 3 5 13 0 
13 5 3 10 3 5 13 10 
13 5 8 5 13 15 8 15 
13 5 8 15 13 15 8 5 
13 5 13 0 3 5 3 0 
13 5 13 10 3 5 3 10 
13 5 18 5 13 15 18 15 
13 5 18 15 13 15 18 5 
13 6 3 1 3 6 13 1 
13 6 3 11 3 6 13 11 
13 6 8 6 13 16 8 16 
13 6 8 16 13 16 8 6 
13 6 13 1 3 6 3 1 
13 6 13 11 3 6 3 11 
13 6 18 6 13 16 18 16 
13 6 18 16 13 16 18 6 
13 7 3 2 3 7 13 2 
13 7 3 12 3 7 13 12 
13 7 8 7 13 17 8 17 
13 7 8 17 13 17 8 7 
13 7 13 2 3 7 3 2 
13 7 13 12 3 7 3 12 
13 7 18 7 13 17 18 17 
13 7 18 17 13 17 18 7 
13 8 3 3 3 8 13 3 
13 8 3 13 3 8 13 13 
13 8 8 8 13 18 8 18 
13 8 8 18 13 18 8 8 
13 8 13 3 3 8 3 3 
13 8 13 13 3 8 3 13 
13 8 18 8 13 18 18 18 
13 8 18 18 13 18 18 8 
13 9 3 4 3 9 13 4 
13 9 3 14 3 9 13 14 
13 9 8 9 13 19 8 19 
13 9 8 19 13 19 8 9 
13 9 13 4 3 9 3 4 
13 9 13 14 3 9 3 14 
13 9 18 9 13 19 18 19 
13 9 18 19 13 19 18 9 
13 10 3 5 3 10 13 5 
13 10 3 15 3 10 13 15 
13 10 8 0 13 0 8 10 
13 10 8 10 13 0 8 0 
13 10 13 5 3 10 3 5 
13 10 13 15 3 10 3 15 
13 10 18 0 13 0 18 10 
13 10 18 10 13 0 18 0 
13 11 3 6 3 11 13 6 
13 11 3 16 3 11 13 16 
13 11 8 1 13 1 8 11 
13 11 8 11 13 1 8 1 
13 11 13 6 3 11 3 6 
13 11 13 16 3 11 3 16 
13 11 18 1 13 1 18 11 
13 11 18 11 13 1 18 1 
13 12 3 7 3 12 13 7 
13 12 3 17 3 12 13 17 
13 12 8 2 13 2 8 12 
13 12 8 12 13 2 8 2 
13 12 13 7 3 12 3 7 
13 12 13 17 3 12 3 17 
13 12 18 2 13 2 18 12 
13 12 18 12 13 2 18 2 
13 13 3 8 3 13 13 8 
13 13 3 18 3 13 13 18 
13 13 8 3 13 3 8 13 
13 13 8 13 13 3 8 3 
13 13 13 8 3 13 3 8 
13 13 13 18 3 13 3 18 
13 13 18 3 13 3 18 13 
13 13 18 13 13 3 18 3 
13 14 3 9 3 14 13 9 
13 14 3 19 3 14 13 19 
13 14 8 4 13 4 8 14 
13 14 8 14 13 4 8 4 
13 14 13 9 3 14 3 9 
13 14 13 19 3 14 3 19 
13 14 18 4 13 4 18 14 
13 14 18 14 13 4 18 4 
13 15 3 0 3 15 13 0 
13 15 3 10 3 15 13 10 
13 15 8 5 13 5 8 15 
13 15 8 15 13 5 8 5 
13 15 13 0 3 15 3 0 
13 15 13 10 3 15 3 10 
13 15 18 5 13 5 18 15 
13 15 18 15 13 5 18 5 
13 16 3 1 3 16 13 1 
13 16 3 11 3 16 13 11 
13 16 8 6 13 6 8 16 
13 16 8 16 13 6 8 6 
13 16 13 1 3 16 3 1 
13 16 13 11 3 16 3 11 
13 16 18 6 13 6 18 16 
13 16 18 16 13 6 18 6 
13 17 3 2 3 17 13 2 
13 17 3 12 3 17 13 12 
13 17 8 7 13 7 8 17 
13 17 8 17 13 7 8 7 
13 17 13 2 3 17 3 2 
13 17 13 12 3 17 3 12 
13 17 18 7 13 7 18 17 
13 17 18 17 13 7 18 7 
13 18 3 3 3 18 13 3 
13 18 3 13 3 18 13 13 
13 18 8 8 13 8 8 18 
13 18 8 18 13 8 8 8 
13 18 13 3 3 18 3 3 
13 18 13 13 3 18 3 13 
13 18 18 8 13 8 18 18 
13 18 18 18 13 8 18 8 
13 19 3 4 3 19 13 4 
13 19 3 14 3 19 13 14 
13 19 8 9 13 9 8 19 
13 19 8 19 13 9 8 9 
13 19 13 4 3 19 3 4 
13 19 13 14 3 19 3 14 
13 19 18 9 13 9 18 19 
13 19 18 19 13 9 18 9 
14 0 4 5 4 0 14 5 
14 0 4 15 4 0 14 15 
14 0 9 0 14 10 9 10 
14 0 9 10 14 10 9 0 
14 0 14 5 4 0 4 5 
14 0 14 15 4 0 4 15 
14 0 19 0 14 10 19 10 
14 0 19 10 14 10 19 0 
14 1 4 6 4 1 14 6 
14 1 4 16 4 1 14 16 
14 1 9 1 14 11 9 11 
14 1 9 11 14 11 9 1 
14 1 14 6 4 1 4 6 
14 1 14 16 4 1 4 16 
14 1 19 1 14 11 19 11 
14 1 19 11 14 11 19 1 
14 2 4 7 4 2 14 7 
14 2 4 17 4 2 14 17 
14 2 9 2 14 12 9 12 
14 2 9 12 14 12 9 2 
14 2 14 7 4 2 4 7 
14 2 14 17 4 2 4 17 
14 2 19 2 14 12 19 12 
14 2 19 12 14 12 19 2 
14 3 4 8 4 3 14 8 
14 3 4 18 4 3 14 18 
14 3 9 3 14 13 9 13 
14 3 9 13 14 13 9 3 
14 3 14 8 4 3 4 8 
14 3 14 18 4 3 4 18 
14 3 19 3 14 13 19 13 
14 3 19 13 14 13 19 3 
14 4 4 9 4 4 14 9 
14 4 4 19 4 4 14 19 
14 4 9 4 14 14 9 14 
14 4 9 14 14 14 9 4 
14 4 14 9 4 4 4 9 
14 4 14 19 4 4 4 19 
14 4 19 4 14 14 19 14 
14 4 19 14 14 14 19 4 
14 5 4 0 4 5 14 0 
14 5 4 10 4 5 14 10 
14 5 9 5 14 15 9 15 
14 5 9 15 14 15 9 5 
14 5 14 0 4 5 4 0 
14 5 14 10 4 5 4 10 
14 5 19 5 14 15 19 15 
14 5 19 15 14 15 19 5 
14 6 4 1 4 6 14 1 
14 6 4 11 4 6 14 11 
14 6 9 6 14 16 9 16 
14 6 9 16 14 16 9 6 
14 6 14 1 4 6 4 1 
14 6 14 11 4 6 4 11 
14 6 19 6 14 16 19 16 
14 6 19 16 14 16 19 6 
14 7 4 2 4 7 14 2 
14 7 4 12 4 7 14 12 
14 7 9 7 14 17 9 17 
14 7 9 17 14 17 9 7 
14 7 14 2 4 7 4 2 
14 7 14 12 4 7 4 12 
14 7 19 7 14 17 19 17 
14 7 19 17 14 17 19 7 
14 8 4 3 4 8 14 3 
14 8 4 13 4 8 14 13 
14 8 9 8 14 18 9 18 
14 8 9 18 14 18 9 8 
14 8 14 3 4 8 4 3 
14 8 14 13 4 8 4 13 
14 8 19 8 14 18 19 18 
14 8 19 18 14 18 19 8 
14 9 4 4 4 9 14 4 
14 9 4 14 4 9 14 14 
14 9 9 9 14 19 9 19 
14 9 9 19 14 19 9 9 
14 9 14 4 4 9 4 4 
14 9 14 14 4 9 4 14 
14 9 19 9 14 19 19 19 
14 9 19 19 14 19 19 9 
14 10 4 5 4 10 14 5 
14 10 4 15 4 10 14 15 
14 10 9 0 14 0 9 10 
14 10 9 10 14 0 9 0 
14 10 14 5 4 10 4 5 
14 10 14 15 4 10 4 15 
14 10 19 0 14 0 19 10 
14 10 19 10 14 0 19 0 
14 11 4 6 4 11 14 6 
14 11 4 16 4 11 14 16 
14 11 9 1 14 1 9 11 
14 11 9 11 14 1 9 1 
14 11 14 6 4 11 4 6 
14 11 14 16 4 11 4 16 
14 11 19 1 14 1 19 11 
14 11 19 11 14 1 19 1 
14 12 4 7 4 12 14 7 
14 12 4 17 4 12 14 17 
14 12 9 2 14 2 9 12 
14 12 9 12 14 2 9 2 
14 12 14 7 4 12 4 7 
14 12 14 17 4 12 4 17 
14 12 19 2 14 2 19 12 
14 12 19 12 14 2 19 2 
14 13 4 8 4 13 14 8 
14 13 4 18 4 13 14 18 
14 13 9 3 14 3 9 13 
14 13 9 13 14 3 9 3 
14 13 14 8 4 13 4 8 
14 13 14 18 4 13 4 18 
14 13 19 3 14 3 19 13 
14 13 19 13 14 3 19 3 
14 14 4 9 4 14 14 9 
14 14 4 19 4 14 14 19 
14 14 9 4 14 4 9 14 
14 14 9 14 14 4 9 4 
14 14 14 9 4 14 4 9 
14 14 14 19 4 14 4 19 
14 14 19 4 14 4 19 14 
14 14 19 14 14 4 19 4 
14 15 4 0 4 15 14 0 
14 15 4 10 4 15 14 10 
14 15 9 5 14 5 9 15 
14 15 9 15 14 5 9 5 
14 15 14 0 4 15 4 0 
14 15 14 10 4 15 4 10 
14 15 19 5 14 5 19 15 
14 15 19 15 14 5 19 5 
14 16 4 1 4 16 14 1 
14 16 4 11 4 16 14 11 
14 16 9 6 14 6 9 16 
14 16 9 16 14 6 9 6 
14 16 14 1 4 16 4 1 
14 16 14 11 4 16 4 11 
14 16 19 6 14 6 19 16 
14 16 19 16 14 6 19 6 
14 17 4 2 4 17 14 2 
14 17 4 12 4 17 14 12 
14 17 9 7 14 7 9 17 
14 17 9 17 14 7 9 7 
14 17 14 2 4 17 4 2 
14 17 14 12 4 17 4 12 
14 17 19 7 14 7 19 17 
14 17 19 17 14 7 19 7 
14 18 4 3 4 18 14 3 
14 18 4 13 4 18 14 13 
14 18 9 8 14 8 9 18 
14 18 9 18 14 8 9 8 
14 18 14 3 4 18 4 3 
14 18 14 13 4 18 4 13 
14 18 19 8 14 8 19 18 
14 18 19 18 14 8 19 8 
14 19 4 4 4 19 14 4 
14 19 4 14 4 19 14 14 
14 19 9 9 14 9 9 19 
14 19 9 19 14 9 9 9 
14 19 14 4 4 19 4 4 
14 19 14 14 4 19 4 14 
14 19 19 9 14 9 19 19 
14 19 19 19 14 9 19 9 
15 0 0 0 15 10 0 10 
15 0 0 10 15 10 0 0 
15 0 5 5 5 0 15 5 
15 0 5 15 5 0 15 15 
15 0 10 0 15 10 10 10 
15 0 10 10 15 10 10 0 
15 0 15 5 5 0 5 5 
15 0 15 15 5 0 5 15 
15 1 0 1 15 11 0 11 
15 1 0 11 15 11 0 1 
15 1 5 6 5 1 15 6 
15 1 5 16 5 1 15 16 
15 1 10 1 15 11 10 11 
15 1 10 11 15 11 10 1 
15 1 15 6 5 1 5 6 
15 1 15 16 5 1 5 16 
15 2 0 2 15 12 0 12 
15 2 0 12 15 12 0 2 
15 2 5 7 5 2 15 7 
15 2 5 17 5 2 15 17 
15 2 10 2 15 12 10 12 
15 2 10 12 15 12 10 2 
15 2 15 7 5 2 5 7 
15 2 15 17 5 2 5 17 
15 3 0 3 15 13 0 13 
15 3 0 13 15 13 0 3 
15 3 5 8 5 3 15 8 
15 3 5 18 5 3 15 18 
15 3 10 3 15 13 10 13 
15 3 10 13 15 13 10 3 
15 3 15 8 5 3 5 8 
15 3 15 18 5 3 5 18 
15 4 0 4 15 14 0 14 
15 4 0 14 15 14 0 4 
15 4 5 9 5 4 15 9 
15 4 5 19 5 4 15 19 
15 4 10 4 15 14 10 14 
15 4 10 14 15 14 10 4 
15 4 15 9 5 4 5 9 
15 4 15 19 5 4 5 19 
15 5 0 5 15 15 0 15 
15 5 0 15 15 15 0 5 
15 5 5 0 5 5 15 0 
15 5 5 10 5 5 15 10 
15 5 10 5 15 15 10 15 
15 5 10 15 15 15 10 5 
15 5 15 0 5 5 5 0 
15 5 15 10 5 5 5 10 
15 6 0 6 15 16 0 16 
15 6 0 16 15 16 0 6 
15 6 5 1 5 6 15 1 
15 6 5 11 5 6 15 11 
15 6 10 6 15 16 10 16 
15 6 10 16 15 16 10 6 
15 6 15 1 5 6 5 1 
15 6 15 11 5 6 5 11 
15 7 0 7 15 17 0 17 
15 7 0 17 15 17 0 7 
15 7 5 2 5 7 15 2 
15 7 5 12 5 7 15 12 
15 7 10 7 15 17 10 17 
15 7 10 17 15 17 10 7 
15 7 15 2 5 7 5 2 
15 7 15 12 5 7 5 12 
15 8 0 8 15 18 0 18 
15 8 0 18 15 18 0 8 
15 8 5 3 5 8 15 3 
15 8 5 13 5 8 15 13 
15 8 10 8 15 18 10 18 
15 8 10 18 15 18 10 8 
15 8 15 3 5 8 5 3 
15 8 15 13 5 8 5 13 
15 9 0 9 15 19 0 19 
15 9 0 19 15 19 0 9 
15 9 5 4 5 9 15 4 
15 9 5 14 5 9 15 14 
15 9 10 9 15 19 10 19 
15 9 10 19 15 19 10 9 
15 9 15 4 5 9 5 4 
15 9 15 14 5 9 5 14 
15 10 0 0 15 0 0 10 
15 10 0 10 15 0 0 0 
15 10 5 5 5 10 15 5 
15 10 5 15 5 10 15 15 
15 10 10 0 15 0 10 10 
15 10 10 10 15 0 10 0 
15 10 15 5 5 10 5 5 
15 10 15 15 5 10 5 15 
15 11 0 1 15 1 0 11 
15 11 0 11 15 1 0 1 
15 11 5 6 5 11 15 6 
15 11 5 16 5 11 15 16 
15 11 10 1 15 1 10 11 
15 11 10 11 15 1 10 1 
15 11 15 6 5 11 5 6 
15 11 15 16 5 11 5 16 
15 12 0 2 15 2 0 12 
15 12 0 12 15 2 0 2 
15 12 5 7 5 12 15 7 
15 12 5 17 5 12 15 17 
15 12 10 2 15 2 10 12 
15 12 10 12 15 2 10 2 
15 12 15 7 5 12 5 7 
15 12 15 17 5 12 5 17 
15 13 0 3 15 3 0 13 
15 13 0 13 15 3 0 3 
15 13 5 8 5 13 15 8 
15 13 5 18 5 13 15 18 
15 13 10 3 15 3 10 13 
15 13 10 13 15 3 10 3 
15 13 15 8 5 13 5 8 
15 13 15 18 5 13 5 18 
15 14 0 4 15 4 0 14 
15 14 0 14 15 4 0 4 
15 14 5 9 5 14 15 9 
15 14 5 19 5 14 15 19 
15 14 10 4 15 4 10 14 
15 14 10 14 15 4 10 4 
15 14 15 9 5 14 5 9 
15 14 15 19 5 14 5 19 
15 15 0 5 15 5 0 15 
15 15 0 15 15 5 0 5 
15 15 5 0 5 15 15 0 
15 15 5 10 5 15 15 10 
15 15 10 5 15 5 10 15 
15 15 10 15 15 5 10 5 
15 15 15 0 5 15 5 0 
15 15 15 10 5 15 5 10 
15 16 0 6 15 6 0 16 
15 16 0 16 15 6 0 6 
15 16 5 1 5 16 15 1 
15 16 5 11 5 16 15 11 
15 16 10 6 15 6 10 16 
15 16 10 16 15 6 10 6 
15 16 15 1 5 16 5 1 
15 16 15 11 5 16 5 11 
15 17 0 7 15 7 0 17 
15 17 0 17 15 7 0 7 
15 17 5 2 5 17 15 2 
15 17 5 12 5 17 15 12 
15 17 10 7 15 7 10 17 
15 17 10 17 15 7 10 7 
15 17 15 2 5 17 5 2 
15 17 15 12 5 17 5 12 
15 18 0 8 15 8 0 18 
15 18 0 18 15 8 0 8 
15 18 5 3 5 18 15 3 
15 18 5 13 5 18 15 13 
15 18 10 8 15 8 10 18 
15 18 10 18 15 8 10 8 
15 18 15 3 5 18 5 3 
15 18 15 13 5 18 5 13 
15 19 0 9 15 9 0 19 
15 19 0 19 15 9 0 9 
15 19 5 4 5 19 15 4 
15 19 5 14 5 19 15 14 
15 19 10 9 15 9 10 19 
15 19 10 19 15 9 10 9 
15 19 15 4 5 19 5 4 
15 19 15 14 5 19 5 14 
16 0 1 0 16 10 1 10 
16 0 1 10 16 10 1 0 
16 0 6 5 6 0 16 5 
16 0 6 15 6 0 16 15 
16 0 11 0 16 10 11 10 
16 0 11 10 16 10 11 0 
16 0 16 5 6 0 6 5 
16 0 16 15 6 0 6 15 
16 1 1 1 16 11 1 11 
16 1 1 11 16 11 1 1 
16 1 6 6 6 1 16 6 
16 1 6 16 6 1 16 16 
16 1 11 1 16 11 11 11 
16 1 11 11 16 11 11 1 
16 1 16 6 6 1 6 6 
16 1 16 16 6 1 6 16 
16 2 1 2 16 12 1 12 
16 2 1 12 16 12 1 2 
16 2 6 7 6 2 16 7 
16 2 6 17 6 2 16 17 
16 2 11 2 16 12 11 12 
16 2 11 12 16 12 11 2 
16 2 16 7 6 2 6 7 
16 2 16 17 6 2 6 17 
16 3 1 3 16 13 1 13 
16 3 1 13 16 13 1 3 
16 3 6 8 6 3 16 8 
16 3 6 18 6 3 16 18 
16 3 11 3 16 13 11 13 
16 3 11 13 16 13 11 3 
16 3 16 8 6 3 6 8 
16 3 16 18 6 3 6 18 
16 4 1 4 16 14 1 14 
16 4 1 14 16 14 1 4 
16 4 6 9 6 4 16 9 
16 4 6 19 6 4 16 19 
16 4 11 4 16 14 11 14 
16 4 11 14 16 14 11 4 
16 4 16 9 6 4 6 9 
16 4 16 19 6 4 6 19 
16 5 1 5 16 15 1 15 
16 5 1 15 16 15 1 5 
16 5 6 0 6 5 16 0 
16 5 6 10 6 5 16 10 
16 5 11 5 16 15 11 15 
16 5 11 15 16 15 11 5 
16 5 16 0 6 5 6 0 
16 5 16 10 6 5 6 10 
16 6 1 6 16 16 1 16 
16 6 1 16 16 16 1 6 
16 6 6 1 6 6 16 1 
16 6 6 11 6 6 16 11 
16 6 11 6 16 16 11 16 
16 6 11 16 16 16 11 6 
16 6 16 1 6 6 6 1 
16 6 16 11 6 6 6 11 
16 7 1 7 16 17 1 17 
16 7 1 17 16 17 1 7 
16 7 6 2 6 7 16 2 
16 7 6 12 6 7 16 12 
16 7 11 7 16 17 11 17 
16 7 11 17 16 17 11 7 
16 7 16 2 6 7 6 2 
16 7 16 12 6 7 6 12 
16 8 1 8 16 18 1 18 
16 8 1 18 16 18 1 8 
16 8 6 3 6 8 16 3 
16 8 6 13 6 8 16 13 
16 8 11 8 16 18 11 18 
16 8 11 18 16 18 11 8 
16 8 16 3 6 8 6 3 
16 8 16 13 6 8 6 13 
16 9 1 9 16 19 1 19 
16 9 1 19 16 19 1 9 
16 9 6 4 6 9 16 4 
16 9 6 14 6 9 16 14 
16 9 11 9 16 19 11 19 
16 9 11 19 16 19 11 9 
16 9 16 4 6 9 6 4 
16 9 16 14 6 9 6 14 
16 10 1 0 16 0 1 10 
16 10 1 10 16 0 1 0 
16 10 6 5 6 10 16 5 
16 10 6 15 6 10 16 15 
16 10 11 0 16 0 11 10 
16 10 11 10 16 0 11 0 
16 10 16 5 6 10 6 5 
16 10 16 15 6 10 6 15 
16 11 1 1 16 1 1 11 
16 11 1 11 16 1 1 1 
16 11 6 6 6 11 16 6 
16 11 6 16 6 11 16 16 
16 11 11 1 16 1 11 11 
16 11 11 11 16 1 11 1 
16 11 16 6 6 11 6 6 
16 11 16 16 6 11 6 16 
16 12 1 2 16 2 1 12 
16 12 1 12 16 2 1 2 
16 12 6 7 6 12 16 7 
16 12 6 17 6 12 16 17 
16 12 11 2 16 2 11 12 
16 12 11 12 16 2 11 2 
16 12 16 7 6 12 6 7 
16 12 16 17 6 12 6 17 
16 13 1 3 16 3 1 13 
16 13 1 13 16 3 1 3 
16 13 6 8 6 13 16 8 
16 13 6 18 6 13 16 18 
16 13 11 3 16 3 11 13 
16 13 11 13 16 3 11 3 
16 13 16 8 6 13 6 8 
16 13 16 18 6 13 6 18 
16 14 1 4 16 4 1 14 
16 14 1 14 16 4 1 4 
16 14 6 9 6 14 16 9 
16 14 6 19 6 14 16 19 
16 14 11 4 16 4 11 14 
16 14 11 14 16 4 11 4 
16 14 16 9 6 14 6 9 
16 14 16 19 6 14 6 19 
16 15 1 5 16 5 1 15 
16 15 1 15 16 5 1 5 
16 15 6 0 6 15 16 0 
16 15 6 10 6 15 16 10 
16 15 11 5 16 5 11 15 
16 15 11 15 16 5 11 5 
16 15 16 0 6 15 6 0 
16 15 16 10 6 15 6 10 
16 16 1 6 16 6 1 16 
16 16 1 16 16 6 1 6 
16 16 6 1 6 16 16 1 
16 16 6 11 6 16 16 11 
16 16 11 6 16 6 11 16 
16 16 11 16 16 6 11 6 
16 16 16 1 6 16 6 1 
16 16 16 11 6 16 6 11 
16 17 1 7 16 7 1 17 
16 17 1 17 16 7 1 7 
16 17 6 2 6 17 16 2 
16 17 6 12 6 17 16 12 
16 17 11 7 16 7 11 17 
16 17 11 17 16 7 11 7 
16 17 16 2 6 17 6 2 
16 17 16 12 6 17 6 12 
16 18 1 8 16 8 1 18 
16 18 1 18 16 8 1 8 
16 18 6 3 6 18 16 3 
16 18 6 13 6 18 16 13 
16 18 11 8 16 8 11 18 
16 18 11 18 16 8 11 8 
16 18 16 3 6 18 6 3 
16 18 16 13 6 18 6 13 
16 19 1 9 16 9 1 19 
16 19 1 19 16 9 1 9 
16 19 6 4 6 19 16 4 
16 19 6 14 6 19 16 14 
16 19 11 9 16 9 11 19 
16 19 11 19 16 9 11 9 
16 19 16 4 6 19 6 4 
16 19 16 14 6 19 6 14 
17 0 2 0 17 10 2 10 
17 0 2 10 17 10 2 0 
17 0 7 5 7 0 17 5 
17 0 7 15 7 0 17 15 
17 0 12 0 17 10 12 10 
17 0 12 10 17 10 12 0 
17 0 17 5 7 0 7 5 
17 0 17 15 7 0 7 15 
17 1 2 1 17 11 2 11 
17 1 2 11 17 11 2 1 
17 1 7 6 7 1 17 6 
17 1 7 16 7 1 17 16 
17 1 12 1 17 11 12 11 
17 1 12 11 17 11 12 1 
17 1 17 6 7 1 7 6 
17 1 17 16 7 1 7 16 
17 2 2 2 17 12 2 12 
17 2 2 12 17 12 2 2 
17 2 7 7 7 2 17 7 
17 2 7 17 7 2 17 17 
17 2 12 2 17 12 12 12 
17 2 12 12 17 12 12 2 
17 2 17 7 7 2 7 7 
17 2 17 17 7 2 7 17 
17 3 2 3 17 13 2 13 
17 3 2 13 17 13 2 3 
17 3 7 8 7 3 17 8 
17 3 7 18 7 3 17 18 
17 3 12 3 17 13 12 13 
17 3 12 13 17 13 12 3 
17 3 17 8 7 3 7 8 
17 3 17 18 7 3 7 18 
17 4 2 4 17 14 2 14 
17 4 2 14 17 14 2 4 
17 4 7 9 7 4 17 9 
17 4 7 19 7 4 17 19 
17 4 12 4 17 14 12 14 
17 4 12 14 17 14 12 4 
17 4 17 9 7 4 7 9 
17 4 17 19 7 4 7 19 
17 5 2 5 17 15 2 15 
17 5 2 15 17 15 2 5 
17 5 7 0 7 5 17 0 
17 5 7 10 7 5 17 10 
17 5 12 5 17 15 12 15 
17 5 12 15 17 15 12 5 
17 5 17 0 7 5 7 0 
17 5 17 10 7 5 7 10 
17 6 2 6 17 16 2 16 
17 6 2 16 17 16 2 6 
17 6 7 1 7 6 17 1 
17 6 7 11 7 6 17 11 
17 6 12 6 17 16 12 16 
17 6 12 16 17 16 12 6 
17 6 17 1 7 6 7 1 
17 6 17 11 7 6 7 11 
17 7 2 7 17 17 2 17 
17 7 2 17 17 17 2 7 
17 7 7 2 7 7 17 2 
17 7 7 12 7 7 17 12 
17 7 12 7 17 17 12 17 
17 7 12 17 17 17 12 7 
17 7 17 2 7 7 7 2 
17 7 17 12 7 7 7 12 
17 8 2 8 17 18 2 18 
17 8 2 18 17 18 2 8 
17 8 7 3 7 8 17 3 
17 8 7 13 7 8 17 13 
17 8 12 8 17 18 12 18 
17 8 12 18 17 18 12 8 
17 8 17 3 7 8 7 3 
17 8 17 13 7 8 7 13 
17 9 2 9 17 19 2 19 
17 9 2 19 17 19 2 9 
17 9 7 4 7 9 17 4 
17 9 7 14 7 9 17 14 
17 9 12 9 17 19 12 19 
17 9 12 19 17 19 12 9 
17 9 17 4 7 9 7 4 
17 9 17 14 7 9 7 14 
17 10 2 0 17 0 2 10 
17 10 2 10 17 0 2 0 
17 10 7 5 7 10 17 5 
17 10 7 15 7 10 17 15 
17 10 12 0 17 0 12 10 
17 10 12 10 17 0 12 0 
17 10 17 5 7 10 7 5 
17 10 17 15 7 10 7 15 
17 11 2 1 17 1 2 11 
17 11 2 11 17 1 2 1 
17 11 7 6 7 11 17 6 
17 11 7 16 7 11 17 16 
17 11 12 1 17 1 12 11 
17 11 12 11 17 1 12 1 
17 11 17 6 7 11 7 6 
17 11 17 16 7 11 7 16 
17 12 2 2 17 2 2 12 
17 12 2 12 17 2 2 2 
17 12 7 7 7 12 17 7 
17 12 7 17 7 12 17 17 
17 12 12 2 17 2 12 12 
17 12 12 12 17 2 12 2 
17 12 17 7 7 12 7 7 
17 12 17 17 7 12 7 17 
17 13 2 3 17 3 2 13 
17 13 2 13 17 3 2 3 
17 13 7 8 7 13 17 8 
17 13 7 18 7 13 17 18 
17 13 12 3 17 3 12 13 
17 13 12 13 17 3 12 3 
17 13 17 8 7 13 7 8 
17 13 17 18 7 13 7 18 
17 14 2 4 17 4 2 14 
17 14 2 14 17 4 2 4 
17 14 7 9 7 14 17 9 
17 14 7 19 7 14 17 19 
17 14 12 4 17 4 12 14 
17 14 12 14 17 4 12 4 
17 14 17 9 7 14 7 9 
17 14 17 19 7 14 7 19 
17 15 2 5 17 5 2 15 
17 15 2 15 17 5 2 5 
17 15 7 0 7 15 17 0 
17 15 7 10 7 15 17 10 
17 15 12 5 17 5 12 15 
17 15 12 15 17 5 12 5 
17 15 17 0 7 15 7 0 
17 15 17 10 7 15 7 10 
17 16 2 6 17 6 2 16 
17 16 2 16 17 6 2 6 
17 16 7 1 7 16 17 1 
17 16 7 11 7 16 17 11 
17 16 12 6 17 6 12 16 
17 16 12 16 17 6 12 6 
17 16 17 1 7 16 7 1 
17 16 17 11 7 16 7 11 
17 17 2 7 17 7 2 17 
17 17 2 17 17 7 2 7 
17 17 7 2 7 17 17 2 
17 17 7 12 7 17 17 12 
17 17 12 7 17 7 12 17 
17 17 12 17 17 7 12 7 
17 17 17 2 7 17 7 2 
17 17 17 12 7 17 7 12 
17 18 2 8 17 8 2 18 
17 18 2 18 17 8 2 8 
17 18 7 3 7 18 17 3 
17 18 7 13 7 18 17 13 
17 18 12 8 17 8 12 18 
17 18 12 18 17 8 12 8 
17 18 17 3 7 18 7 3 
17 18 17 13 7 18 7 13 
17 19 2 9 17 9 2 19 
17 19 2 19 17 9 2 9 
17 19 7 4 7 19 17 4 
17 19 7 14 7 19 17 14 
17 19 12 9 17 9 12 19 
17 19 12 19 17 9 12 9 
17 19 17 4 7 19 7 4 
17 19 17 14 7 19 7 14 
18 0 3 0 18 10 3 10 
18 0 3 10 18 10 3 0 
18 0 8 5 8 0 18 5 
18 0 8 15 8 0 18 15 
18 0 13 0 18 10 13 10 
18 0 13 10 18 10 13 0 
18 0 18 5 8 0 8 5 
18 0 18 15 8 0 8 15 
18 1 3 1 18 11 3 11 
18 1 3 11 18 11 3 1 
18 1 8 6 8 1 18 6 
18 1 8 16 8 1 18 16 
18 1 13 1 18 11 13 11 
18 1 13 11 18 11 13 1 
18 1 18 6 8 1 8 6 
18 1 18 16 8 1 8 16 
18 2 3 2 18 12 3 12 
18 2 3 12 18 12 3 2 
18 2 8 7 8 2 18 7 
18 2 8 17 8 2 18 17 
18 2 13 2 18 12 13 12 
18 2 13 12 18 12 13 2 
18 2 18 7 8 2 8 7 
18 2 18 17 8 2 8 17 
18 3 3 3 18 13 3 13 
18 3 3 13 18 13 3 3 
18 3 8 8 8 3 18 8 
18 3 8 18 8 3 18 18 
18 3 13 3 18 13 13 13 
18 3 13 13 18 13 13 3 
18 3 18 8 8 3 8 8 
18 3 18 18 8 3 8 18 
18 4 3 4 18 14 3 14 
18 4 3 14 18 14 3 4 
18 4 8 9 8 4 18 9 
18 4 8 19 8 4 18 19 
18 4 13 4 18 14 13 14 
18 4 13 14 18 14 13 4 
18 4 18 9 8 4 8 9 
18 4 18 19 8 4 8 19 
18 5 3 5 18 15 3 15 
18 5 3 15 18 15 3 5 
18 5 8 0 8 5 18 0 
18 5 8 10 8 5 18 10 
18 5 13 5 18 15 13 15 
18 5 13 15 18 15 13 5 
18 5 18 0 8 5 8 0 
18 5 18 10 8 5 8 10 
18 6 3 6 18 16 3 16 
18 6 3 16 18 16 3 6 
18 6 8 1 8 6 18 1 
18 6 8 11 8 6 18 11 
18 6 13 6 18 16 13 16 
18 6 13 16 18 16 13 6 
18 6 18 1 8 6 8 1 
18 6 18 11 8 6 8 11 
18 7 3 7 18 17 3 17 
18 7 3 17 18 17 3 7 
18 7 8 2 8 7 18 2 
18 7 8 12 8 7 18 12 
18 7 13 7 18 17 13 17 
18 7 13 17 18 17 13 7 
18 7 18 2 8 7 8 2 
18 7 18 12 8 7 8 12 
18 8 3 8 18 18 3 18 
18 8 3 18 18 18 3 8 
18 8 8 3 8 8 18 3 
18 8 8 13 8 8 18 13 
18 8 13 8 18 18 13 18 
18 8 13 18 18 18 13 8 
18 8 18 3 8 8 8 3 
18 8 18 13 8 8 8 13 
18 9 3 9 18 19 3 19 
18 9 3 19 18 19 3 9 
18 9 8 4 8 9 18 4 
18 9 8 14 8 9 18 14 
18 9 13 9 18 19 13 19 
18 9 13 19 18 19 13 9 
18 9 18 4 8 9 8 4 
18 9 18 14 8 9 8 14 
18 10 3 0 18 0 3 10 
18 10 3 10 18 0 3 0 
18 10 8 5 8 10 18 5 
18 10 8 15 8 10 18 15 
18 10 13 0 18 0 13 10 
18 10 13 10 18 0 13 0 
18 10 18 5 8 10 8 5 
18 10 18 15 8 10 8 15 
18 11 3 1 18 1 3 11 
18 11 3 11 18 1 3 1 
18 11 8 6 8 11 18 6 
18 11 8 16 8 11 18 16 
18 11 13 1 18 1 13 11 
18 11 13 11 18 1 13 1 
18 11 18 6 8 11 8 6 
18 11 18 16 8 11 8 16 
18 12 3 2 18 2 3 12 
18 12 3 12 18 2 3 2 
18 12 8 7 8 12 18 7 
18 12 8 17 8 12 18 17 
18 12 13 2 18 2 13 12 
18 12 13 12 18 2 13 2 
18 12 18 7 8 12 8 7 
18 12 18 17 8 12 8 17 
18 13 3 3 18 3 3 13 
18 13 3 13 18 3 3 3 
18 13 8 8 8 13 18 8 
18 13 8 18 8 13 18 18 
18 13 13 3 18 3 13 13 
18 13 13 13 18 3 13 3 
18 13 18 8 8 13 8 8 
18 13 18 18 8 13 8 18 
18 14 3 4 18 4 3 14 
18 14 3 14 18 4 3 4 
18 14 8 9 8 14 18 9 
18 14 8 19 8 14 18 19 
18 14 13 4 18 4 13 14 
18 14 13 14 18 4 13 4 
18 14 18 9 8 14 8 9 
18 14 18 19 8 14 8 19 
18 15 3 5 18 5 3 15 
18 15 3 15 18 5 3 5 
18 15 8 0 8 15 18 0 
18 15 8 10 8 15 18 10 
18 15 13 5 18 5 13 15 
18 15 13 15 18 5 13 5 
18 15 18 0 8 15 8 0 
18 15 18 10 8 15 8 10 
18 16 3 6 18 6 3 16 
18 16 3 16 18 6 3 6 
18 16 8 1 8 16 18 1 
18 16 8 11 8 16 18 11 
18 16 13 6 18 6 13 16 
18 16 13 16 18 6 13 6 
18 16 18 1 8 16 8 1 
18 16 18 11 8 16 8 11 
18 17 3 7 18 7 3 17 
18 17 3 17 18 7 3 7 
18 17 8 2 8 17 18 2 
18 17 8 12 8 17 18 12 
18 17 13 7 18 7 13 17 
18 17 13 17 18 7 13 7 
18 17 18 2 8 17 8 2 
18 17 18 12 8 17 8 12 
18 18 3 8 18 8 3 18 
18 18 3 18 18 8 3 8 
18 18 8 3 8 18 18 3 
18 18 8 13 8 18 18 13 
18 18 13 8 18 8 13 18 
18 18 13 18 18 8 13 8 
18 18 18 3 8 18 8 3 
18 18 18 13 8 18 8 13 
18 19 3 9 18 9 3 19 
18 19 3 19 18 9 3 9 
18 19 8 4 8 19 18 4 
18 19 8 14 8 19 18 14 
18 19 13 9 18 9 13 19 
18 19 13 19 18 9 13 9 
18 19 18 4 8 19 8 4 
18 19 18 14 8 19 8 14 
19 0 4 0 19 10 4 10 
19 0 4 10 19 10 4 0 
19 0 9 5 9 0 19 5 
19 0 9 15 9 0 19 15 
19 0 14 0 19 10 14 10 
19 0 14 10 19 10 14 0 
19 0 19 5 9 0 9 5 
19 0 19 15 9 0 9 15 
19 1 4 1 19 11 4 11 
19 1 4 11 19 11 4 1 
19 1 9 6 9 1 19 6 
19 1 9 16 9 1 19 16 
19 1 14 1 19 11 14 11 
19 1 14 11 19 11 14 1 
19 1 19 6 9 1 9 6 
19 1 19 16 9 1 9 16 
19 2 4 2 19 12 4 12 
19 2 4 12 19 12 4 2 
19 2 9 7 9 2 19 7 
19 2 9 17 9 2 19 17 
19 2 14 2 19 12 14 12 
19 2 14 12 19 12 14 2 
19 2 19 7 9 2 9 7 
19 2 19 17 9 2 9 17 
19 3 4 3 19 13 4 13 
19 3 4 13 19 13 4 3 
19 3 9 8 9 3 19 8 
19 3 9 18 9 3 19 18 
19 3 14 3 19 13 14 13 
19 3 14 13 19 13 14 3 
19 3 19 8 9 3 9 8 
19 3 19 18 9 3 9 18 
19 4 4 4 19 14 4 14 
19 4 4 14 19 14 4 4 
19 4 9 9 9 4 19 9 
19 4 9 19 9 4 19 19 
19 4 14 4 19 14 14 14 
19 4 14 14 19 14 14 4 
19 4 19 9 9 4 9 9 
19 4 19 19 9 4 9 19 
19 5 4 5 19 15 4 15 
19 5 4 15 19 15 4 5 
19 5 9 0 9 5 19 0 
19 5 9 10 9 5 19 10 
19 5 14 5 19 15 14 15 
19 5 14 15 19 15 14 5 
19 5 19 0 9 5 9 0 
19 5 19 10 9 5 9 10 
19 6 4 6 19 16 4 16 
19 6 4 16 19 16 4 6 
19 6 9 1 9 6 19 1 
19 6 9 11 9 6 19 11 
19 6 14 6 19 16 14 16 
19 6 14 16 19 16 14 6 
19 6 19 1 9 6 9 1 
19 6 19 11 9 6 9 11 
19 7 4 7 19 17 4 17 
19 7 4 17 19 17 4 7 
19 7 9 2 9 7 19 2 
19 7 9 12 9 7 19 12 
19 7 14 7 19 17 14 17 
19 7 14 17 19 17 14 7 
19 7 19 2 9 7 9 2 
19 7 19 12 9 7 9 12 
19 8 4 8 19 18 4 18 
19 8 4 18 19 18 4 8 
19 8 9 3 9 8 19 3 
19 8 9 13 9 8 19 13 
19 8 14 8 19 18 14 18 
19 8 14 18 19 18 14 8 
19 8 19 3 9 8 9 3 
19 8 19 13 9 8 9 13 
19 9 4 9 19 19 4 19 
19 9 4 19 19 19 4 9 
19 9 9 4 9 9 19 4 
19 9 9 14 9 9 19 14 
19 9 14 9 19 19 14 19 
19 9 14 19 19 19 14 9 
19 9 19 4 9 9 9 4 
19 9 19 14 9 9 9 14 
19 10 4 0 19 0 4 10 
19 10 4 10 19 0 4 0 
19 10 9 5 9 10 19 5 
19 10 9 15 9 10 19 15 
19 10 14 0 19 0 14 10 
19 10 14 10 19 0 14 0 
19 10 19 5 9 10 9 5 
19 10 19 15 9 10 9 15 
19 11 4 1 19 1 4 11 
19 11 4 11 19 1 4 1 
19 11 9 6 9 11 19 6 
19 11 9 16 9 11 19 16 
19 11 14 1 19 1 14 11 
19 11 14 11 19 1 14 1 
19 11 19 6 9 11 9 6 
19 11 19 16 9 11 9 16 
19 12 4 2 19 2 4 12 
19 12 4 12 19 2 4 2 
19 12 9 7 9 12 19 7 
19 12 9 17 9 12 19 17 
19 12 14 2 19 2 14 12 
19 12 14 12 19 2 14 2 
19 12 19 7 9 12 9 7 
19 12 19 17 9 12 9 17 
19 13 4 3 19 3 4 13 
19 13 4 13 19 3 4 3 
19 13 9 8 9 13 19 8 
19 13 9 18 9 13 19 18 
19 13 14 3 19 3 14 13 
19 13 14 13 19 3 14 3 
19 13 19 8 9 13 9 8 
19 13 19 18 9 13 9 18 
19 14 4 4 19 4 4 14 
19 14 4 14 19 4 4 4 
19 14 9 9 9 14 19 9 
19 14 9 19 9 14 19 19 
19 14 14 4 19 4 14 14 
19 14 14 14 19 4 14 4 
19 14 19 9 9 14 9 9 
19 14 19 19 9 14 9 19 
19 15 4 5 19 5 4 15 
19 15 4 15 19 5 4 5 
19 15 9 0 9 15 19 0 
19 15 9 10 9 15 19 10 
19 15 14 5 19 5 14 15 
19 15 14 15 19 5 14 5 
19 15 19 0 9 15 9 0 
19 15 19 10 9 15 9 10 
19 16 4 6 19 6 4 16 
19 16 4 16 19 6 4 6 
19 16 9 1 9 16 19 1 
19 16 9 11 9 16 19 11 
19 16 14 6 19 6 14 16 
19 16 14 16 19 6 14 6 
19 16 19 1 9 16 9 1 
19 16 19 11 9 16 9 11 
19 17 4 7 19 7 4 17 
19 17 4 17 19 7 4 7 
19 17 9 2 9 17 19 2 
19 17 9 12 9 17 19 12 
19 17 14 7 19 7 14 17 
19 17 14 17 19 7 14 7 
19 17 19 2 9 17 9 2 
19 17 19 12 9 17 9 12 
19 18 4 8 19 8 4 18 
19 18 4 18 19 8 4 8 
19 18 9 3 9 18 19 3 
19 18 9 13 9 18 19 13 
19 18 14 8 19 8 14 18 
19 18 14 18 19 8 14 8 
19 18 19 3 9 18 9 3 
19 18 19 13 9 18 9 13 
19 19 4 9 19 9 4 19 
19 19 4 19 19 9 4 9 
19 19 9 4 9 19 19 4 
19 19 9 14 9 19 19 14 
19 19 14 9 19 9 14 19 
19 19 14 19 19 9 14 9 
19 19 19 4 9 19 9 4 
19 19 19 14 9 19 9 14 
